0 807 249 2
1 658 930 1
2 544 878 4
3 709 440 6
4 492 42 4
5 503 327 2
6 840 612 8
7 169 709 6
8 560 933 4
9 278 816 8
10 97 826 1
11 267 810 2
12 979 149 4
13 821 967 1
14 393 336 6
15 745 228 4
16 194 357 2
17 153 708 1
18 668 490 5
19 196 530 8
20 722 666 6
21 24 801 6
22 977 408 5
23 933 298 6
24 635 13 2
25 814 63 1
26 425 669 4
27 94 629 6
28 517 195 2
29 404 451 3
30 188 123 2
31 882 752 7
32 716 337 7
33 144 501 2
34 871 828 2
35 358 177 6
36 294 904 2
37 231 745 8
38 635 298 7
39 399 968 5
40 260 557 3
41 8 395 1
42 113 530 7
43 962 942 6
44 82 852 8
45 821 695 1
46 671 901 7
47 831 738 2
48 616 790 1
49 679 335 7
50 972 98 8
51 319 454 8
52 289 760 2
53 126 123 3
54 813 770 7
55 94 220 5
56 366 534 3
57 394 363 3
58 844 590 7
59 159 623 4
60 385 217 1
61 539 247 2
62 496 885 8
63 420 144 1
64 735 915 2
65 534 42 4
66 679 152 5
67 295 818 5
68 692 815 8
69 33 669 6
70 553 547 2
71 210 662 4
72 808 377 2
73 625 335 5
74 995 776 8
75 439 874 4
76 556 301 1
77 560 94 1
78 755 789 8
79 15 193 2
80 680 455 8
81 506 963 7
82 676 108 2
83 331 844 7
84 808 997 4
85 849 203 4
86 531 14 4
87 775 9 5
88 929 223 7
89 260 737 2
90 317 525 1
91 256 564 6
92 648 704 7
93 150 976 5
94 554 797 1
95 381 748 2
96 378 699 2
97 129 553 4
98 447 607 6
99 322 305 1
100 53 224 7
101 366 400 5
102 370 285 1
103 898 155 6
104 557 576 3
105 266 357 8
106 878 614 4
107 737 133 8
108 720 762 2
109 197 31 5
110 589 873 6
111 304 358 1
112 254 960 4
113 947 480 3
114 955 546 4
115 238 0 7
116 35 857 2
117 114 593 1
118 354 418 6
119 585 729 8
120 563 102 6
121 643 419 8
122 747 269 4
123 303 473 8
124 748 385 3
125 459 406 3
126 824 132 6
127 603 897 1
128 950 231 1
129 203 900 1
130 533 258 4
131 676 950 7
132 780 879 1
133 574 549 7
134 249 771 7
135 879 983 3
136 40 723 3
137 971 229 7
138 746 299 7
139 621 776 5
140 244 958 1
141 771 64 1
142 598 751 5
143 503 551 2
144 205 80 3
145 274 649 6
146 320 25 5
147 783 788 6
148 8 550 5
149 195 257 8
150 690 666 3
151 593 553 6
152 960 742 4
153 352 307 6
154 910 200 8
155 127 171 4
156 414 625 2
157 517 348 3
158 315 974 6
159 373 220 8
160 239 54 2
161 929 253 6
162 166 356 1
163 860 898 1
164 720 116 5
165 867 352 4
166 698 901 4
167 616 891 8
168 728 671 6
169 45 120 1
170 158 453 4
171 350 711 4
172 594 533 8
173 827 795 4
174 442 516 7
175 515 924 2
176 97 661 8
177 324 108 1
178 281 15 7
179 216 905 6
180 781 720 8
181 169 865 4
182 536 728 6
183 384 167 6
184 476 46 1
185 666 467 1
186 384 991 3
187 258 211 1
188 518 718 7
189 825 767 2
190 818 14 2
191 918 28 6
192 34 727 1
193 754 540 5
194 935 83 1
195 865 11 5
196 64 876 6
197 675 245 7
198 415 192 7
199 747 37 4
200 447 715 6
201 579 129 5
202 979 501 6
203 289 958 2
204 800 89 7
205 217 846 7
206 543 338 1
207 321 719 1
208 247 788 8
209 987 35 4
210 912 684 6
211 784 734 4
212 519 615 6
213 976 661 2
214 819 631 8
215 698 798 8
216 4 503 8
217 765 391 4
218 924 365 2
219 454 106 3
220 703 832 1
221 141 654 2
222 217 900 2
223 465 747 7
224 879 317 5
225 48 762 6
226 39 708 8
227 657 761 1
228 466 621 6
229 996 955 3
230 494 555 6
231 312 293 4
232 232 444 8
233 198 152 1
234 570 303 8
235 914 799 7
236 835 921 4
237 752 86 8
238 150 410 8
239 669 605 8
240 311 431 1
241 816 699 4
242 639 370 5
243 891 857 2
244 328 177 3
245 683 176 2
246 91 434 8
247 904 26 4
248 790 522 5
249 890 884 6
250 441 127 4
251 784 537 7
252 561 581 6
253 802 732 5
254 854 759 8
255 377 462 3
256 819 150 2
257 941 836 1
258 299 112 8
259 956 390 1
260 48 14 5
261 918 150 6
262 295 821 4
263 501 245 2
264 57 510 1
265 805 173 2
266 669 96 8
267 421 675 7
268 300 489 7
269 54 263 4
270 889 250 8
271 415 364 7
272 963 758 5
273 92 316 3
274 420 60 3
275 368 741 8
276 196 787 6
277 234 128 4
278 448 875 6
279 871 329 6
280 719 471 5
281 764 79 7
282 410 80 2
283 342 138 7
284 44 828 2
285 575 980 1
286 596 947 3
287 87 543 6
288 852 261 1
289 400 380 3
290 857 423 3
291 14 845 7
292 509 610 2
293 218 290 8
294 743 555 2
295 534 275 2
296 151 226 4
297 459 783 3
298 437 879 3
299 100 137 6
300 878 284 7
301 915 960 4
302 140 707 7
303 728 562 4
304 969 890 8
305 278 313 2
306 10 840 3
307 0 394 4
308 656 551 3
309 431 544 4
310 776 584 5
311 108 514 7
312 19 28 8
313 370 663 4
314 24 543 7
315 8 981 1
316 288 163 8
317 19 379 5
318 461 487 2
319 899 788 5
320 880 466 4
321 274 236 6
322 567 834 4
323 684 651 6
324 266 467 7
325 589 327 6
326 581 295 1
327 874 435 8
328 972 28 7
329 70 587 2
330 89 646 3
331 111 612 8
332 112 781 8
333 230 321 6
334 128 950 1
335 959 754 1
336 194 330 1
337 559 777 4
338 632 272 8
339 81 153 7
340 521 956 3
341 591 900 5
342 120 704 8
343 129 144 8
344 870 416 8
345 80 618 1
346 452 128 1
347 662 840 6
348 385 583 4
349 659 878 8
350 561 382 1
351 54 440 6
352 770 28 4
353 544 869 4
354 469 710 5
355 923 125 4
356 850 431 4
357 846 869 7
358 394 610 1
359 64 524 2
360 519 620 3
361 661 725 3
362 949 90 3
363 260 93 1
364 122 381 7
365 468 23 3
366 639 517 2
367 364 178 5
368 771 341 4
369 836 489 1
370 120 902 1
371 616 347 3
372 851 672 4
373 523 736 6
374 607 633 3
375 553 412 6
376 40 153 2
377 733 295 4
378 251 258 7
379 160 138 2
380 875 598 5
381 633 562 5
382 236 646 2
383 464 484 1
384 119 842 1
385 859 262 2
386 716 127 5
387 748 0 3
388 398 292 2
389 928 300 8
390 192 563 8
391 272 801 2
392 221 486 2
393 769 531 6
394 819 486 1
395 816 254 3
396 814 615 2
397 966 297 6
398 760 412 8
399 231 174 8
400 877 324 1
401 833 750 8
402 999 429 2
403 144 364 4
404 812 979 7
405 407 583 1
406 259 310 2
407 891 321 2
408 253 929 1
409 553 661 3
410 491 963 1
411 768 687 7
412 472 219 2
413 204 951 5
414 445 370 3
415 962 176 6
416 826 413 1
417 571 979 4
418 129 288 1
419 978 617 4
420 838 508 2
421 926 968 7
422 199 255 6
423 276 488 1
424 819 864 2
425 416 318 4
426 683 398 1
427 748 961 4
428 18 977 3
429 661 478 5
430 63 235 3
431 308 968 8
432 119 323 6
433 392 953 3
434 853 295 8
435 475 204 3
436 32 819 4
437 35 468 5
438 610 234 7
439 778 265 6
440 279 75 8
441 687 363 6
442 766 534 4
443 675 184 4
444 156 399 1
445 93 886 2
446 924 47 3
447 330 767 2
448 910 682 6
449 314 652 2
450 585 591 7
451 760 960 1
452 403 430 6
453 200 585 4
454 484 988 1
455 686 100 8
456 199 102 5
457 183 917 1
458 802 489 3
459 725 789 3
460 595 605 8
461 691 721 7
462 514 862 3
463 283 626 4
464 801 330 5
465 375 258 7
466 131 736 1
467 308 24 4
468 508 411 6
469 0 314 1
470 999 645 6
471 962 539 3
472 821 286 1
473 10 662 6
474 493 635 5
475 571 838 6
476 891 413 1
477 957 92 8
478 775 768 6
479 415 636 4
480 347 369 1
481 134 928 8
482 879 906 7
483 807 537 4
484 421 447 3
485 949 416 8
486 938 550 8
487 186 96 6
488 524 922 4
489 181 12 4
490 202 495 1
491 454 208 5
492 31 830 8
493 714 112 1
494 937 9 6
495 919 381 3
496 908 609 8
497 867 119 3
498 999 520 4
499 577 922 7
500 980 881 6
501 30 325 5
502 994 945 3
503 233 480 1
504 834 517 2
505 781 458 6
506 992 160 4
507 201 542 1
508 635 555 1
509 443 322 6
510 441 781 4
511 518 160 2
512 955 82 5
513 32 313 4
514 328 504 8
515 711 881 3
516 904 551 1
517 761 864 6
518 122 113 8
519 636 118 3
520 188 743 8
521 502 343 7
522 219 212 6
523 932 782 2
524 859 73 7
525 819 10 8
526 15 978 7
527 45 270 3
528 8 983 4
529 709 213 7
530 951 665 7
531 617 953 4
532 916 584 6
533 442 503 4
534 329 257 7
535 264 352 3
536 526 27 4
537 259 952 3
538 422 129 3
539 549 879 7
540 890 603 7
541 443 827 2
542 198 587 2
543 31 476 6
544 563 214 8
545 832 722 8
546 791 871 7
547 733 553 7
548 380 704 4
549 887 110 2
550 558 786 2
551 40 659 1
552 562 938 3
553 526 526 1
554 595 621 2
555 341 158 7
556 20 197 8
557 451 462 5
558 937 804 2
559 405 907 8
560 258 539 8
561 697 281 6
562 457 605 6
563 412 624 1
564 459 299 1
565 740 851 7
566 922 893 8
567 49 361 2
568 231 796 4
569 696 444 3
570 238 431 8
571 935 265 2
572 387 437 5
573 120 424 7
574 775 903 6
575 286 845 8
576 257 332 6
577 578 104 3
578 31 220 7
579 630 643 8
580 648 844 6
581 749 125 2
582 863 416 1
583 348 979 6
584 814 705 6
585 307 905 8
586 614 715 5
587 897 449 8
588 29 26 3
589 398 985 7
590 518 853 4
591 203 383 4
592 559 221 7
593 34 675 7
594 436 279 4
595 750 13 3
596 492 948 4
597 981 847 1
598 706 178 3
599 267 114 7
600 470 358 2
601 946 304 1
602 663 637 3
603 734 656 5
604 12 113 1
605 724 104 6
606 73 962 4
607 377 269 4
608 631 753 2
609 739 520 3
610 597 424 8
611 958 320 5
612 18 401 6
613 392 613 5
614 356 940 3
615 868 670 8
616 649 134 2
617 871 891 3
618 217 10 7
619 525 901 7
620 392 34 3
621 546 187 2
622 565 589 4
623 865 160 7
624 775 109 7
625 323 534 3
626 414 494 8
627 875 77 6
628 627 222 7
629 172 839 8
630 183 417 3
631 890 606 1
632 12 895 3
633 516 321 5
634 227 578 5
635 972 487 4
636 581 526 3
637 30 295 3
638 419 212 4
639 312 706 5
640 593 926 3
641 726 733 6
642 296 392 6
643 9 377 5
644 522 240 5
645 815 180 5
646 151 52 6
647 677 417 3
648 465 261 4
649 849 7 8
650 430 376 2
651 581 327 4
652 497 193 2
653 829 822 5
654 553 879 5
655 227 424 8
656 277 406 5
657 272 601 3
658 698 77 6
659 294 127 5
660 59 577 7
661 151 224 5
662 20 15 4
663 177 695 8
664 664 600 7
665 117 723 2
666 754 568 4
667 575 913 3
668 157 716 7
669 142 962 1
670 440 305 3
671 406 201 8
672 620 962 6
673 135 752 7
674 235 610 8
675 363 851 8
676 451 110 6
677 447 234 5
678 223 88 4
679 932 959 1
680 345 702 4
681 889 819 7
682 886 107 1
683 500 946 2
684 365 744 5
685 474 917 8
686 695 866 1
687 491 791 5
688 756 59 2
689 97 309 4
690 22 85 4
691 519 720 1
692 148 53 1
693 876 833 6
694 193 903 1
695 374 766 8
696 630 581 3
697 725 669 2
698 158 185 8
699 421 114 5
700 56 872 6
701 853 775 6
702 555 162 1
703 745 452 7
704 631 400 8
705 547 919 3
706 201 959 7
707 579 996 6
708 501 656 3
709 581 420 3
710 151 45 3
711 454 157 6
712 15 808 6
713 966 173 7
714 86 30 5
715 26 379 7
716 432 951 5
717 301 187 8
718 608 537 5
719 202 478 4
720 88 574 6
721 596 123 3
722 123 846 8
723 155 674 3
724 431 657 4
725 579 194 8
726 656 36 1
727 347 813 1
728 257 860 6
729 600 236 2
730 533 475 7
731 162 266 7
732 108 507 6
733 537 896 8
734 224 466 1
735 833 561 6
736 571 576 3
737 914 289 8
738 859 638 7
739 460 927 8
740 842 455 2
741 711 580 5
742 809 690 4
743 545 438 3
744 938 764 2
745 840 550 7
746 175 598 3
747 687 842 5
748 820 782 6
749 734 220 7
750 903 620 3
751 975 362 7
752 70 438 7
753 115 735 2
754 734 267 3
755 580 390 1
756 6 881 4
757 272 355 7
758 975 620 8
759 986 197 2
760 537 595 8
761 495 176 4
762 82 827 8
763 599 305 8
764 377 6 7
765 595 396 6
766 231 725 7
767 379 470 1
768 357 122 6
769 473 280 8
770 83 934 7
771 857 563 2
772 637 829 8
773 786 951 7
774 622 630 7
775 154 506 4
776 717 483 4
777 913 692 8
778 144 68 4
779 429 865 6
780 387 940 8
781 197 679 1
782 363 900 8
783 447 501 1
784 205 320 5
785 572 76 7
786 319 969 5
787 629 152 5
788 558 607 2
789 562 216 2
790 245 548 6
791 708 813 4
792 105 614 7
793 335 470 4
794 979 958 8
795 59 945 4
796 748 744 2
797 737 491 3
798 498 777 5
799 382 556 8
800 133 210 5
801 670 270 2
802 353 328 1
803 873 82 4
804 300 405 8
805 621 384 7
806 847 328 1
807 785 308 7
808 774 923 6
809 872 924 8
810 389 856 1
811 998 747 8
812 967 383 1
813 943 836 2
814 146 362 6
815 942 596 8
816 381 281 7
817 788 804 8
818 687 983 2
819 565 293 1
820 938 851 8
821 190 680 1
822 526 429 4
823 414 617 6
824 638 526 2
825 357 125 4
826 879 551 2
827 959 981 2
828 325 494 6
829 64 563 6
830 501 872 5
831 53 329 1
832 280 359 3
833 40 776 6
834 704 18 1
835 486 266 7
836 374 698 6
837 27 415 4
838 841 409 7
839 935 765 2
840 761 832 1
841 219 194 4
842 254 131 5
843 304 683 3
844 113 411 1
845 708 759 6
846 672 792 5
847 215 229 2
848 143 480 6
849 305 184 2
850 511 209 8
851 848 785 4
852 760 580 6
853 63 733 7
854 585 200 2
855 442 174 8
856 663 893 8
857 198 363 2
858 991 177 2
859 797 829 1
860 569 860 4
861 465 711 2
862 96 50 5
863 123 888 3
864 820 816 6
865 377 372 5
866 380 76 5
867 41 618 4
868 919 943 4
869 781 58 7
870 467 152 8
871 461 895 2
872 429 627 8
873 286 460 1
874 992 1 8
875 411 384 3
876 513 670 5
877 985 120 6
878 245 297 8
879 199 702 8
880 167 419 2
881 137 829 8
882 618 218 6
883 815 837 4
884 129 24 4
885 966 472 1
886 160 778 8
887 371 324 6
888 780 577 7
889 954 115 1
890 621 608 2
891 852 95 4
892 10 160 3
893 910 282 7
894 301 860 4
895 20 684 7
896 605 708 2
897 624 49 2
898 544 416 1
899 81 61 2
900 638 203 4
901 22 13 8
902 851 183 3
903 857 800 5
904 89 801 4
905 10 674 8
906 528 691 8
907 581 293 1
908 168 415 5
909 524 53 5
910 487 795 8
911 693 806 2
912 231 378 6
913 230 209 4
914 632 974 1
915 270 553 8
916 388 164 3
917 688 607 7
918 158 816 8
919 977 492 2
920 29 290 5
921 751 27 2
922 439 740 5
923 777 136 6
924 11 684 8
925 975 159 4
926 649 899 5
927 974 990 3
928 742 222 6
929 460 834 8
930 293 417 6
931 365 248 7
932 332 388 6
933 258 2 7
934 719 310 6
935 992 736 1
936 8 750 6
937 319 37 1
938 694 593 3
939 811 905 3
940 207 553 7
941 664 907 3
942 814 869 8
943 514 87 4
944 448 67 2
945 867 560 6
946 670 883 5
947 368 226 1
948 322 437 8
949 571 896 2
950 341 158 4
951 888 471 2
952 107 920 5
953 193 552 6
954 13 828 4
955 198 417 7
956 988 546 4
957 365 688 4
958 766 443 7
959 4 167 6
960 122 46 4
961 703 120 4
962 464 951 6
963 729 842 1
964 188 150 6
965 302 673 6
966 397 115 5
967 388 386 1
968 717 622 4
969 326 196 6
970 79 884 3
971 890 597 5
972 311 343 1
973 452 925 7
974 72 387 2
975 515 327 2
976 782 977 1
977 228 813 8
978 901 239 4
979 323 964 8
980 458 959 8
981 748 527 5
982 133 8 6
983 121 899 6
984 730 381 1
985 213 507 3
986 398 469 8
987 680 647 4
988 475 788 3
989 864 247 3
990 38 627 7
991 331 79 6
992 146 727 1
993 738 441 3
994 502 465 2
995 11 908 7
996 843 373 1
997 836 2 5
998 970 401 4
999 40 108 4
1000 205 787 7
1001 401 665 8
1002 159 457 7
1003 43 882 3
1004 903 239 1
1005 261 604 1
1006 27 784 5
1007 856 414 4
1008 948 608 1
1009 987 835 5
1010 136 757 6
1011 564 954 1
1012 233 623 7
1013 244 370 5
1014 304 285 8
1015 164 655 7
1016 679 410 1
1017 590 501 1
1018 349 967 3
1019 710 504 4
1020 160 964 1
1021 927 101 1
1022 382 544 2
1023 69 823 8
1024 768 678 8
1025 869 274 6
1026 237 557 1
1027 789 812 3
1028 683 802 6
1029 152 67 4
1030 288 107 2
1031 832 281 8
1032 232 427 7
1033 985 970 4
1034 23 865 7
1035 217 818 2
1036 200 534 8
1037 357 119 2
1038 793 612 8
1039 969 518 7
1040 498 549 2
1041 190 768 1
1042 426 872 5
1043 117 993 4
1044 441 731 4
1045 268 763 2
1046 922 737 3
1047 978 46 3
1048 163 583 7
1049 84 773 4
1050 232 769 4
1051 762 484 5
1052 135 630 3
1053 594 626 3
1054 134 815 5
1055 591 599 4
1056 569 601 5
1057 410 873 1
1058 11 128 5
1059 512 379 4
1060 69 851 7
1061 864 884 4
1062 644 991 8
1063 441 399 6
1064 495 6 4
1065 911 538 3
1066 453 318 4
1067 3 980 1
1068 873 937 5
1069 899 293 2
1070 143 818 3
1071 75 775 2
1072 776 330 8
1073 128 448 6
1074 162 661 8
1075 337 814 4
1076 630 807 1
1077 325 343 3
1078 15 850 7
1079 75 523 2
1080 12 29 5
1081 973 157 5
1082 223 353 7
1083 952 376 3
1084 938 211 3
1085 294 309 3
1086 396 9 1
1087 644 735 6
1088 658 3 8
1089 404 846 4
1090 950 175 4
1091 963 152 8
1092 784 987 5
1093 277 251 3
1094 683 220 8
1095 790 242 8
1096 836 262 5
1097 269 714 7
1098 66 957 4
1099 850 19 3
1100 643 968 1
1101 501 46 1
1102 720 481 2
1103 711 347 5
1104 476 796 7
1105 256 236 7
1106 639 639 8
1107 487 266 5
1108 606 91 5
1109 898 346 7
1110 633 1 7
1111 384 58 8
1112 594 986 2
1113 89 235 8
1114 968 500 1
1115 540 788 3
1116 883 223 8
1117 623 156 3
1118 812 169 1
1119 162 881 8
1120 235 671 1
1121 70 866 2
1122 128 626 6
1123 199 303 7
1124 688 241 2
1125 419 681 8
1126 923 798 5
1127 268 961 2
1128 501 183 2
1129 420 613 3
1130 26 250 5
1131 432 306 5
1132 964 902 3
1133 90 719 7
1134 134 275 1
1135 432 594 2
1136 43 947 4
1137 795 964 2
1138 166 94 5
1139 558 321 3
1140 870 742 1
1141 154 129 2
1142 547 272 5
1143 796 697 7
1144 540 106 1
1145 643 781 7
1146 775 217 7
1147 892 11 5
1148 275 137 7
1149 432 737 7
1150 586 692 1
1151 960 459 8
1152 395 385 2
1153 63 268 5
1154 78 425 1
1155 115 526 3
1156 740 723 5
1157 550 59 5
1158 97 79 3
1159 317 157 7
1160 721 51 8
1161 528 22 8
1162 952 256 6
1163 76 704 1
1164 687 633 7
1165 657 59 3
1166 276 800 1
1167 170 72 4
1168 442 786 3
1169 586 129 4
1170 587 587 4
1171 659 585 8
1172 719 571 6
1173 703 653 5
1174 441 298 5
1175 237 226 6
1176 928 994 4
1177 327 747 7
1178 931 190 3
1179 330 723 2
1180 129 307 8
1181 539 374 2
1182 146 489 4
1183 871 155 5
1184 479 146 5
1185 876 874 1
1186 385 887 2
1187 249 900 3
1188 308 413 1
1189 527 950 3
1190 185 971 6
1191 854 968 5
1192 596 759 2
1193 298 685 5
1194 619 167 1
1195 133 429 7
1196 94 966 8
1197 411 269 7
1198 399 757 2
1199 423 655 8
1200 220 676 8
1201 85 768 1
1202 567 824 1
1203 786 190 2
1204 325 238 8
1205 703 312 4
1206 896 872 8
1207 896 827 6
1208 703 219 4
1209 871 600 2
1210 529 738 6
1211 965 916 4
1212 779 947 1
1213 177 148 5
1214 560 138 1
1215 761 517 5
1216 588 542 2
1217 104 779 6
1218 675 465 2
1219 715 540 2
1220 27 701 5
1221 510 585 6
1222 706 593 1
1223 815 299 2
1224 446 953 6
1225 149 822 1
1226 454 822 7
1227 459 196 1
1228 752 216 2
1229 876 299 2
1230 903 536 8
1231 435 515 8
1232 621 493 1
1233 344 515 5
1234 623 980 2
1235 937 923 6
1236 742 441 6
1237 802 698 4
1238 162 385 7
1239 992 123 8
1240 83 894 3
1241 552 193 6
1242 609 454 4
1243 568 598 7
1244 52 854 1
1245 508 401 7
1246 141 344 3
1247 287 174 4
1248 937 582 1
1249 881 272 7
1250 433 256 5
1251 530 415 7
1252 311 333 3
1253 445 520 6
1254 826 912 7
1255 833 501 2
1256 983 535 2
1257 366 870 6
1258 547 584 6
1259 332 641 2
1260 501 247 8
1261 815 861 6
1262 232 26 5
1263 562 964 8
1264 577 435 8
1265 823 926 4
1266 923 865 4
1267 646 667 2
1268 83 951 2
1269 43 586 8
1270 417 861 2
1271 155 614 7
1272 916 673 8
1273 201 380 3
1274 804 91 5
1275 381 963 7
1276 592 490 1
1277 954 429 5
1278 181 960 4
1279 182 979 6
1280 495 415 3
1281 888 789 2
1282 457 186 7
1283 45 714 6
1284 642 81 1
1285 996 966 7
1286 790 61 2
1287 659 635 4
1288 336 992 4
1289 781 602 6
1290 627 618 2
1291 663 92 3
1292 549 933 5
1293 736 231 1
1294 28 709 1
1295 217 936 5
1296 309 539 3
1297 814 4 5
1298 56 284 2
1299 275 665 1
1300 610 459 5
1301 348 633 1
1302 734 906 3
1303 210 707 8
1304 420 308 2
1305 507 199 6
1306 461 207 7
1307 710 600 1
1308 578 238 6
1309 115 915 5
1310 647 343 8
1311 339 995 3
1312 614 685 4
1313 80 98 1
1314 209 489 6
1315 165 76 8
1316 441 973 8
1317 744 746 4
1318 283 540 6
1319 253 886 5
1320 812 668 3
1321 387 568 3
1322 704 596 5
1323 964 809 6
1324 16 709 6
1325 578 361 8
1326 512 11 1
1327 960 999 6
1328 342 506 4
1329 544 907 5
1330 787 580 2
1331 378 940 2
1332 262 66 2
1333 936 807 7
1334 437 136 3
1335 952 330 8
1336 600 36 1
1337 515 446 8
1338 677 312 1
1339 636 124 7
1340 587 254 8
1341 23 431 6
1342 777 757 7
1343 216 665 8
1344 12 476 6
1345 507 209 4
1346 450 792 7
1347 563 188 6
1348 200 736 4
1349 315 31 4
1350 197 108 1
1351 509 716 6
1352 675 24 6
1353 519 92 1
1354 657 115 5
1355 254 225 8
1356 137 748 5
1357 870 536 6
1358 642 41 7
1359 603 981 3
1360 219 808 8
1361 776 182 8
1362 423 668 1
1363 951 420 6
1364 662 624 4
1365 865 771 6
1366 869 73 8
1367 127 568 5
1368 11 230 1
1369 957 639 4
1370 660 179 1
1371 477 686 2
1372 865 32 4
1373 362 291 4
1374 991 0 8
1375 431 623 7
1376 35 310 1
1377 219 557 5
1378 264 376 2
1379 336 431 7
1380 492 726 1
1381 677 404 2
1382 307 505 5
1383 806 571 3
1384 894 781 6
1385 233 71 6
1386 586 62 1
1387 619 141 8
1388 109 185 4
1389 582 980 1
1390 19 494 7
1391 959 122 8
1392 383 330 1
1393 450 599 2
1394 597 839 4
1395 613 553 5
1396 824 153 2
1397 495 11 1
1398 569 843 1
1399 467 151 7
1400 315 264 8
1401 249 540 8
1402 23 44 3
1403 121 67 1
1404 752 812 1
1405 62 551 1
1406 300 616 4
1407 717 220 1
1408 110 861 3
1409 863 90 3
1410 504 932 7
1411 173 810 4
1412 257 653 7
1413 872 900 8
1414 21 338 1
1415 481 34 2
1416 882 641 7
1417 633 637 1
1418 109 391 2
1419 160 71 1
1420 959 949 4
1421 725 387 5
1422 880 7 4
1423 772 7 8
1424 997 62 1
1425 14 238 5
1426 419 347 8
1427 174 558 6
1428 132 12 4
1429 179 722 7
1430 448 254 8
1431 884 647 4
1432 600 137 8
1433 620 611 4
1434 138 645 4
1435 709 777 8
1436 708 292 5
1437 749 2 1
1438 13 271 3
1439 671 104 6
1440 186 391 1
1441 422 215 1
1442 957 871 6
1443 982 877 6
1444 350 558 7
1445 854 409 6
1446 210 374 8
1447 458 66 2
1448 983 571 4
1449 733 491 3
1450 221 544 4
1451 318 173 2
1452 440 484 4
1453 761 28 7
1454 615 173 7
1455 631 354 5
1456 932 412 4
1457 379 112 6
1458 818 401 8
1459 35 187 6
1460 993 59 6
1461 853 407 8
1462 252 93 3
1463 269 33 8
1464 823 276 2
1465 418 315 2
1466 779 932 3
1467 588 935 5
1468 605 222 3
1469 846 404 8
1470 793 420 1
1471 798 187 7
1472 297 167 5
1473 739 173 4
1474 116 605 1
1475 364 534 1
1476 417 261 1
1477 700 429 8
1478 604 788 8
1479 460 196 3
1480 482 753 1
1481 901 904 5
1482 436 550 7
1483 984 681 8
1484 372 601 7
1485 443 369 3
1486 779 208 2
1487 85 322 4
1488 78 87 3
1489 575 621 7
1490 916 793 7
1491 160 281 4
1492 912 863 8
1493 228 48 8
1494 257 789 3
1495 605 89 6
1496 489 385 8
1497 936 105 8
1498 359 336 1
1499 234 451 5
1500 666 888 8
1501 515 769 2
1502 87 886 7
1503 390 169 1
1504 296 255 2
1505 200 890 3
1506 594 600 3
1507 588 286 2
1508 353 391 5
1509 275 420 2
1510 499 85 4
1511 619 851 4
1512 139 395 6
1513 445 798 3
1514 179 447 8
1515 196 926 8
1516 945 326 4
1517 19 985 8
1518 480 79 7
1519 126 47 7
1520 624 496 2
1521 598 991 2
1522 539 800 3
1523 706 660 1
1524 938 500 3
1525 728 58 8
1526 194 152 5
1527 856 698 8
1528 55 422 8
1529 759 449 1
1530 100 470 2
1531 592 889 3
1532 592 452 6
1533 724 490 8
1534 205 231 2
1535 456 338 3
1536 750 967 5
1537 291 944 1
1538 233 958 7
1539 66 319 1
1540 402 918 2
1541 781 193 2
1542 947 971 2
1543 47 341 6
1544 679 614 8
1545 760 266 8
1546 771 94 2
1547 41 995 8
1548 97 974 4
1549 974 446 2
1550 379 266 8
1551 1 997 5
1552 237 650 7
1553 331 14 5
1554 197 491 7
1555 513 219 2
1556 912 803 1
1557 498 689 7
1558 109 543 4
1559 499 204 4
1560 733 204 6
1561 363 861 3
1562 451 61 3
1563 162 488 6
1564 203 874 7
1565 56 296 7
1566 511 537 1
1567 389 760 5
1568 177 798 3
1569 997 480 3
1570 735 62 8
1571 40 392 5
1572 474 326 7
1573 364 147 4
1574 892 876 4
1575 268 90 1
1576 796 53 5
1577 957 277 7
1578 365 794 3
1579 130 913 8
1580 11 851 7
1581 948 582 7
1582 171 108 7
1583 273 705 8
1584 642 722 7
1585 918 284 3
1586 944 269 3
1587 197 902 2
1588 460 342 4
1589 56 157 5
1590 689 26 3
1591 657 401 1
1592 12 567 5
1593 213 423 1
1594 375 36 4
1595 97 654 6
1596 521 137 5
1597 481 846 1
1598 632 445 4
1599 624 769 2
1600 181 218 8
1601 777 393 5
1602 608 390 1
1603 747 606 4
1604 41 939 8
1605 133 294 5
1606 435 270 5
1607 196 963 5
1608 491 491 4
1609 889 880 6
1610 917 717 8
1611 902 429 5
1612 150 367 3
1613 232 339 1
1614 415 229 1
1615 0 604 5
1616 307 539 2
1617 207 385 5
1618 414 260 3
1619 235 509 2
1620 193 486 1
1621 313 63 3
1622 201 377 4
1623 692 984 8
1624 111 893 8
1625 677 439 8
1626 749 740 4
1627 655 833 7
1628 165 182 1
1629 921 307 4
1630 603 244 7
1631 78 450 4
1632 95 466 4
1633 565 58 5
1634 614 556 3
1635 948 243 4
1636 162 957 1
1637 62 286 6
1638 785 495 2
1639 399 177 5
1640 230 484 4
1641 471 96 7
1642 93 453 4
1643 355 138 5
1644 705 415 2
1645 34 947 2
1646 194 983 8
1647 100 919 6
1648 114 974 1
1649 395 438 2
1650 820 5 4
1651 449 814 1
1652 129 433 8
1653 436 240 3
1654 636 806 3
1655 404 646 1
1656 707 124 8
1657 744 919 4
1658 306 488 4
1659 692 617 5
1660 752 80 1
1661 381 922 5
1662 301 293 7
1663 453 174 2
1664 869 259 2
1665 355 114 4
1666 207 427 3
1667 366 701 6
1668 301 783 1
1669 76 988 6
1670 269 609 3
1671 199 964 1
1672 895 402 5
1673 218 311 1
1674 434 500 6
1675 384 394 4
1676 569 667 4
1677 545 176 4
1678 197 141 5
1679 354 388 4
1680 695 37 6
1681 258 989 5
1682 247 714 4
1683 761 913 6
1684 354 460 1
1685 71 779 7
1686 799 621 1
1687 888 889 2
1688 279 912 2
1689 627 15 1
1690 23 146 8
1691 62 968 5
1692 661 938 1
1693 911 582 4
1694 895 899 4
1695 426 197 6
1696 367 816 7
1697 529 169 3
1698 809 1 6
1699 966 40 2
1700 218 114 8
1701 241 363 1
1702 764 876 2
1703 693 834 2
1704 120 680 7
1705 603 678 8
1706 188 78 4
1707 684 295 8
1708 607 9 2
1709 385 696 2
1710 213 387 1
1711 25 145 5
1712 274 51 1
1713 266 330 6
1714 804 941 8
1715 939 990 6
1716 770 140 8
1717 285 271 7
1718 222 63 1
1719 806 891 4
1720 305 704 2
1721 408 251 2
1722 48 764 7
1723 708 624 3
1724 788 45 8
1725 318 222 8
1726 168 282 2
1727 148 782 8
1728 974 207 3
1729 195 946 4
1730 504 730 5
1731 750 514 5
1732 413 124 6
1733 917 62 6
1734 159 63 8
1735 264 817 3
1736 862 446 6
1737 590 519 4
1738 334 273 3
1739 207 782 2
1740 872 158 8
1741 862 384 3
1742 242 853 1
1743 169 987 7
1744 49 516 2
1745 652 37 1
1746 187 443 5
1747 413 149 1
1748 553 461 2
1749 182 476 5
1750 483 509 1
1751 46 275 5
1752 680 298 7
1753 961 69 8
1754 578 286 6
1755 994 61 6
1756 531 982 6
1757 981 216 1
1758 808 817 5
1759 95 859 5
1760 581 91 2
1761 377 808 7
1762 656 412 6
1763 896 12 3
1764 51 350 2
1765 737 710 3
1766 891 137 1
1767 996 421 8
1768 89 429 8
1769 544 48 3
1770 188 503 6
1771 129 869 2
1772 273 14 5
1773 221 470 4
1774 257 82 3
1775 228 748 3
1776 691 497 5
1777 847 417 7
1778 214 236 3
1779 220 775 8
1780 174 916 6
1781 136 252 1
1782 362 403 1
1783 798 539 3
1784 807 660 4
1785 852 622 3
1786 576 46 1
1787 442 295 2
1788 364 882 8
1789 992 798 2
1790 496 562 6
1791 606 772 1
1792 473 603 1
1793 931 54 3
1794 369 57 4
1795 762 592 1
1796 699 258 7
1797 178 207 8
1798 921 885 2
1799 456 450 7
1800 210 805 8
1801 557 140 2
1802 483 385 3
1803 840 820 8
1804 381 53 8
1805 371 728 5
1806 928 106 3
1807 26 763 1
1808 961 656 3
1809 953 639 8
1810 60 182 5
1811 630 820 3
1812 469 140 5
1813 759 567 8
1814 125 34 4
1815 667 145 7
1816 20 530 5
1817 333 546 3
1818 760 959 4
1819 971 121 2
1820 910 701 8
1821 585 753 6
1822 381 763 6
1823 20 511 3
1824 367 109 5
1825 765 597 3
1826 367 908 6
1827 261 457 4
1828 45 553 1
1829 40 483 7
1830 265 631 8
1831 335 204 4
1832 415 200 7
1833 764 131 8
1834 635 779 5
1835 819 858 6
1836 469 890 5
1837 632 843 2
1838 993 414 1
1839 856 71 6
1840 727 398 6
1841 415 978 1
1842 331 671 7
1843 312 132 8
1844 823 479 6
1845 828 241 2
1846 709 791 4
1847 653 646 7
1848 47 626 3
1849 712 304 3
1850 903 241 3
1851 857 848 8
1852 256 994 6
1853 213 113 5
1854 566 754 3
1855 766 290 5
1856 319 469 3
1857 931 325 6
1858 368 106 3
1859 562 67 7
1860 738 892 8
1861 343 626 7
1862 606 450 3
1863 160 569 4
1864 815 271 7
1865 741 839 5
1866 112 125 6
1867 440 119 7
1868 40 296 6
1869 159 810 1
1870 313 767 3
1871 814 296 3
1872 927 393 7
1873 44 64 5
1874 291 116 2
1875 373 680 5
1876 690 112 2
1877 953 641 4
1878 630 233 7
1879 339 16 8
1880 673 973 8
1881 869 507 4
1882 581 435 6
1883 639 905 8
1884 926 752 4
1885 88 584 3
1886 969 99 4
1887 834 13 1
1888 696 578 5
1889 842 384 6
1890 837 40 6
1891 243 343 1
1892 274 934 7
1893 58 29 3
1894 506 592 1
1895 463 601 4
1896 585 540 4
1897 988 914 8
1898 459 899 4
1899 410 681 6
1900 146 49 1
1901 291 568 6
1902 39 280 7
1903 458 63 4
1904 140 775 5
1905 760 890 8
1906 155 253 7
1907 244 868 3
1908 661 126 3
1909 429 389 1
1910 625 810 6
1911 714 168 7
1912 831 993 3
1913 504 428 5
1914 501 765 8
1915 226 293 7
1916 458 732 1
1917 141 416 7
1918 889 545 5
1919 951 729 2
1920 673 295 4
1921 373 281 5
1922 550 15 2
1923 222 987 2
1924 840 467 2
1925 65 23 5
1926 708 252 2
1927 914 833 8
1928 434 460 7
1929 967 421 6
1930 81 779 7
1931 10 0 4
1932 464 381 6
1933 334 279 7
1934 422 523 3
1935 705 612 1
1936 326 679 6
1937 94 397 5
1938 671 731 8
1939 552 42 1
1940 460 394 1
1941 839 886 1
1942 382 407 1
1943 502 517 3
1944 24 876 8
1945 577 991 5
1946 570 924 2
1947 996 782 1
1948 896 931 6
1949 227 822 5
1950 198 666 8
1951 937 500 3
1952 260 401 8
1953 728 120 2
1954 501 853 3
1955 257 772 7
1956 908 900 8
1957 496 577 8
1958 101 984 8
1959 764 783 4
1960 279 260 6
1961 839 527 6
1962 140 860 2
1963 902 10 4
1964 232 910 8
1965 384 103 7
1966 14 87 3
1967 576 772 3
1968 856 758 5
1969 504 919 7
1970 128 394 3
1971 922 966 7
1972 276 84 4
1973 879 60 1
1974 356 373 8
1975 24 457 8
1976 873 343 8
1977 543 861 8
1978 458 82 7
1979 381 361 6
1980 722 794 8
1981 231 717 4
1982 246 196 3
1983 675 389 8
1984 243 283 5
1985 217 364 5
1986 955 438 3
1987 855 320 5
1988 350 995 6
1989 741 128 2
1990 715 137 5
1991 28 629 5
1992 133 771 3
1993 378 734 7
1994 52 365 5
1995 939 775 8
1996 409 683 2
1997 442 158 3
1998 125 357 4
1999 738 744 7
2000 791 861 8
2001 921 200 5
2002 616 251 2
2003 247 409 2
2004 871 424 4
2005 291 896 7
2006 818 259 7
2007 29 802 2
2008 61 642 5
2009 780 358 5
2010 299 414 5
2011 875 437 8
2012 908 83 8
2013 484 554 8
2014 395 979 1
2015 423 190 7
2016 154 618 2
2017 13 340 7
2018 442 11 7
2019 336 642 6
2020 681 40 6
2021 580 9 2
2022 923 875 3
2023 965 325 6
2024 613 12 6
2025 575 207 8
2026 146 547 7
2027 364 274 1
2028 316 306 3
2029 311 222 6
2030 169 340 6
2031 732 291 5
2032 390 13 8
2033 446 516 8
2034 551 858 5
2035 509 320 5
2036 200 968 8
2037 295 240 1
2038 569 524 6
2039 645 817 6
2040 640 698 6
2041 473 546 4
2042 685 188 7
2043 480 674 6
2044 22 937 4
2045 628 514 4
2046 758 742 1
2047 740 645 4
2048 719 112 8
2049 599 250 1
2050 376 906 1
2051 93 492 4
2052 823 53 3
2053 387 825 7
2054 223 163 1
2055 858 248 2
2056 263 720 1
2057 430 500 2
2058 393 868 1
2059 269 503 4
2060 549 379 3
2061 710 643 1
2062 346 543 3
2063 935 629 7
2064 901 366 7
2065 33 887 8
2066 394 91 2
2067 930 459 4
2068 183 326 1
2069 327 647 7
2070 927 448 3
2071 537 675 6
2072 379 575 8
2073 206 750 2
2074 747 646 3
2075 228 873 3
2076 180 991 8
2077 374 561 5
2078 65 858 6
2079 679 922 4
2080 581 49 6
2081 157 211 3
2082 934 731 1
2083 433 322 5
2084 222 513 5
2085 181 246 8
2086 295 897 4
2087 524 827 5
2088 617 276 4
2089 211 297 4
2090 302 918 1
2091 223 148 5
2092 251 768 1
2093 868 963 1
2094 748 627 7
2095 443 980 4
2096 958 16 3
2097 233 596 7
2098 742 635 2
2099 431 245 1
2100 391 520 4
2101 72 953 6
2102 229 302 6
2103 632 994 6
2104 538 797 1
2105 254 640 8
2106 418 390 2
2107 84 763 7
2108 440 823 4
2109 648 719 7
2110 117 157 6
2111 829 995 4
2112 334 354 5
2113 404 270 2
2114 14 936 2
2115 731 170 6
2116 697 164 6
2117 139 528 7
2118 542 863 2
2119 110 817 8
2120 424 204 5
2121 877 757 7
2122 587 984 4
2123 251 610 6
2124 814 875 5
2125 221 855 8
2126 854 18 7
2127 562 886 1
2128 391 767 8
2129 88 423 8
2130 322 191 1
2131 232 593 3
2132 874 969 6
2133 660 221 3
2134 867 218 1
2135 624 119 5
2136 234 945 4
2137 475 186 6
2138 102 121 7
2139 665 619 2
2140 668 18 4
2141 17 526 1
2142 695 994 5
2143 69 774 1
2144 120 954 7
2145 468 421 4
2146 630 259 2
2147 465 634 7
2148 329 822 7
2149 627 80 2
2150 255 602 4
2151 265 136 3
2152 898 393 2
2153 676 342 5
2154 233 269 3
2155 8 981 5
2156 208 405 1
2157 969 686 4
2158 730 292 4
2159 661 316 7
2160 277 732 1
2161 56 544 1
2162 288 834 2
2163 157 811 6
2164 533 876 7
2165 310 691 4
2166 21 731 7
2167 710 23 4
2168 588 727 4
2169 500 319 2
2170 151 979 8
2171 81 748 1
2172 610 344 8
2173 4 787 5
2174 735 383 2
2175 373 861 3
2176 688 931 3
2177 844 491 7
2178 62 157 2
2179 103 165 2
2180 219 799 7
2181 76 196 5
2182 308 178 6
2183 540 727 4
2184 439 239 7
2185 675 696 3
2186 240 542 5
2187 87 128 2
2188 71 684 2
2189 883 488 1
2190 106 701 5
2191 5 408 4
2192 693 864 8
2193 105 26 2
2194 203 820 6
2195 915 51 3
2196 446 472 7
2197 544 909 6
2198 675 383 8
2199 959 615 8
2200 593 195 7
2201 195 512 5
2202 856 46 2
2203 466 578 6
2204 167 278 7
2205 260 941 5
2206 131 901 3
2207 133 475 3
2208 795 17 1
2209 506 135 3
2210 69 832 3
2211 66 71 2
2212 432 876 4
2213 608 53 1
2214 567 625 7
2215 584 327 2
2216 710 94 6
2217 873 446 4
2218 341 293 3
2219 299 363 6
2220 902 4 4
2221 147 908 3
2222 340 904 4
2223 948 484 1
2224 194 833 6
2225 302 153 4
2226 510 484 6
2227 107 98 7
2228 290 327 3
2229 69 815 1
2230 235 322 1
2231 489 505 7
2232 545 381 8
2233 856 363 6
2234 54 749 2
2235 334 869 8
2236 687 267 2
2237 462 497 5
2238 502 817 3
2239 554 983 5
2240 261 525 4
2241 505 27 8
2242 369 668 5
2243 170 818 8
2244 278 961 2
2245 345 839 4
2246 857 460 1
2247 857 64 8
2248 36 644 2
2249 946 701 4
2250 483 874 5
2251 735 50 6
2252 329 470 5
2253 616 399 5
2254 957 369 6
2255 423 872 1
2256 362 135 4
2257 675 972 4
2258 664 825 4
2259 92 608 5
2260 262 838 6
2261 245 3 5
2262 23 745 4
2263 190 258 3
2264 958 162 1
2265 954 204 1
2266 118 144 1
2267 195 623 8
2268 786 978 7
2269 677 917 3
2270 963 856 5
2271 863 279 2
2272 992 704 8
2273 237 226 7
2274 217 94 8
2275 575 326 1
2276 169 994 6
2277 371 826 7
2278 741 669 7
2279 545 513 4
2280 978 628 7
2281 645 78 3
2282 774 450 7
2283 636 651 6
2284 952 887 5
2285 718 673 3
2286 231 203 8
2287 248 392 6
2288 583 394 2
2289 889 807 2
2290 286 651 5
2291 458 534 7
2292 23 61 4
2293 874 532 2
2294 180 591 5
2295 191 405 4
2296 511 343 1
2297 623 289 5
2298 913 909 6
2299 760 505 4
2300 847 170 3
2301 809 795 5
2302 630 967 5
2303 828 555 3
2304 251 76 7
2305 241 423 2
2306 256 860 5
2307 337 907 4
2308 516 248 4
2309 231 525 7
2310 656 811 8
2311 709 484 4
2312 258 706 1
2313 956 66 3
2314 859 109 5
2315 679 264 5
2316 438 260 8
2317 397 363 5
2318 663 711 5
2319 9 832 4
2320 48 17 6
2321 287 586 4
2322 786 546 3
2323 828 219 8
2324 16 957 4
2325 493 832 5
2326 975 220 8
2327 549 473 6
2328 276 34 5
2329 328 889 5
2330 270 455 4
2331 243 559 5
2332 934 161 6
2333 902 358 6
2334 798 90 6
2335 809 359 1
2336 378 237 8
2337 589 727 4
2338 357 576 1
2339 470 572 6
2340 812 511 3
2341 993 270 2
2342 305 520 3
2343 663 824 7
2344 807 717 2
2345 967 615 1
2346 999 579 6
2347 142 627 8
2348 291 629 6
2349 719 281 5
2350 5 757 2
2351 353 962 1
2352 430 69 8
2353 106 847 7
2354 51 32 7
2355 753 15 1
2356 504 20 6
2357 579 952 5
2358 550 165 2
2359 138 436 2
2360 127 502 8
2361 848 118 5
2362 340 389 2
2363 983 941 5
2364 679 254 2
2365 7 105 4
2366 411 569 7
2367 892 574 2
2368 10 584 6
2369 587 212 3
2370 76 806 3
2371 748 273 7
2372 38 946 4
2373 418 347 7
2374 390 5 6
2375 336 24 4
2376 908 421 3
2377 227 117 2
2378 259 105 3
2379 569 255 3
2380 764 551 1
2381 509 795 8
2382 655 279 8
2383 349 986 5
2384 399 991 2
2385 413 764 8
2386 550 526 3
2387 561 271 4
2388 949 408 1
2389 309 719 2
2390 901 490 3
2391 821 462 2
2392 185 621 7
2393 372 187 6
2394 816 949 7
2395 518 443 3
2396 905 168 8
2397 47 602 3
2398 614 100 4
2399 347 534 5
2400 775 777 8
2401 908 81 6
2402 392 640 8
2403 547 196 8
2404 416 799 5
2405 174 889 7
2406 589 803 1
2407 675 1 3
2408 223 295 5
2409 272 545 2
2410 268 508 1
2411 288 965 1
2412 449 806 2
2413 24 739 5
2414 833 235 2
2415 336 189 8
2416 567 119 2
2417 303 954 1
2418 965 646 5
2419 635 318 5
2420 753 756 8
2421 46 52 3
2422 294 952 8
2423 216 424 3
2424 343 112 8
2425 926 281 8
2426 985 562 8
2427 113 518 7
2428 983 915 1
2429 158 148 8
2430 916 733 3
2431 966 889 8
2432 192 801 5
2433 847 241 8
2434 257 907 8
2435 323 351 6
2436 622 753 2
2437 358 588 7
2438 987 975 3
2439 655 348 6
2440 874 614 2
2441 607 398 5
2442 891 413 5
2443 694 832 1
2444 47 203 1
2445 330 345 1
2446 814 766 3
2447 492 326 7
2448 84 719 1
2449 789 547 7
2450 27 616 1
2451 116 316 8
2452 396 488 4
2453 659 190 6
2454 78 558 6
2455 372 13 1
2456 77 525 4
2457 180 589 1
2458 655 720 7
2459 398 554 2
2460 880 768 7
2461 65 487 6
2462 764 164 7
2463 532 248 6
2464 834 96 3
2465 989 739 8
2466 861 771 6
2467 507 851 5
2468 82 655 2
2469 756 609 3
2470 728 671 1
2471 668 583 7
2472 129 875 1
2473 564 652 7
2474 10 449 4
2475 878 328 4
2476 59 931 7
2477 995 202 1
2478 484 836 1
2479 360 720 1
2480 846 227 1
2481 680 598 8
2482 676 199 1
2483 479 926 1
2484 158 944 4
2485 183 5 1
2486 336 761 8
2487 261 900 2
2488 970 39 3
2489 295 143 1
2490 577 357 7
2491 602 326 7
2492 996 49 5
2493 840 536 1
2494 173 584 3
2495 706 70 1
2496 204 707 2
2497 196 209 4
2498 869 819 8
2499 863 127 5
2500 182 502 7
2501 655 778 2
2502 756 456 3
2503 648 969 2
2504 55 397 7
2505 301 474 8
2506 126 5 3
2507 758 854 1
2508 466 285 1
2509 560 649 6
2510 980 760 8
2511 462 646 8
2512 137 316 3
2513 233 689 3
2514 909 156 6
2515 458 879 2
2516 824 100 1
2517 838 137 6
2518 782 759 4
2519 241 24 5
2520 122 880 1
2521 540 724 5
2522 236 226 6
2523 188 712 5
2524 97 591 1
2525 133 689 1
2526 994 250 5
2527 668 861 7
2528 424 478 4
2529 1 670 7
2530 664 53 1
2531 344 500 4
2532 20 961 4
2533 632 201 1
2534 850 505 7
2535 512 221 5
2536 530 459 6
2537 580 205 2
2538 763 625 2
2539 254 907 4
2540 977 871 3
2541 356 248 4
2542 475 993 8
2543 275 581 2
2544 603 488 1
2545 253 235 2
2546 771 179 3
2547 246 77 6
2548 361 400 8
2549 368 229 6
2550 428 674 6
2551 903 362 7
2552 315 864 2
2553 910 558 1
2554 164 687 4
2555 945 183 5
2556 352 989 2
2557 163 511 3
2558 379 946 8
2559 844 558 7
2560 54 238 1
2561 923 200 1
2562 655 113 7
2563 933 144 7
2564 980 281 2
2565 702 849 5
2566 319 337 8
2567 999 779 7
2568 969 32 1
2569 906 948 4
2570 964 773 5
2571 896 886 8
2572 144 724 7
2573 267 199 5
2574 135 594 7
2575 691 20 3
2576 388 960 6
2577 157 851 2
2578 263 631 6
2579 261 279 3
2580 171 388 8
2581 609 744 3
2582 532 337 7
2583 620 132 8
2584 231 979 5
2585 306 53 8
2586 914 11 5
2587 478 225 2
2588 785 277 3
2589 593 234 1
2590 638 855 5
2591 675 204 5
2592 242 729 7
2593 813 604 5
2594 712 773 3
2595 197 653 4
2596 558 870 1
2597 863 260 1
2598 620 835 3
2599 826 663 5
2600 373 334 8
2601 224 266 3
2602 154 75 7
2603 503 966 5
2604 167 386 7
2605 670 780 7
2606 230 169 5
2607 187 258 7
2608 422 642 6
2609 764 328 4
2610 122 647 4
2611 916 219 5
2612 492 240 4
2613 426 765 5
2614 972 805 3
2615 743 492 3
2616 517 800 5
2617 359 430 4
2618 64 788 7
2619 34 405 4
2620 123 838 7
2621 662 746 7
2622 873 263 1
2623 509 771 1
2624 313 499 3
2625 640 4 5
2626 687 505 3
2627 756 210 2
2628 417 139 5
2629 669 184 1
2630 579 216 6
2631 740 581 3
2632 563 907 4
2633 205 895 6
2634 480 967 1
2635 50 629 2
2636 870 654 8
2637 328 80 7
2638 611 251 4
2639 645 250 1
2640 882 182 6
2641 919 687 3
2642 128 546 7
2643 96 831 2
2644 687 660 3
2645 602 436 7
2646 533 218 3
2647 698 605 7
2648 927 288 8
2649 711 913 8
2650 937 85 7
2651 284 968 7
2652 250 67 2
2653 932 799 7
2654 672 555 8
2655 969 187 2
2656 311 890 2
2657 601 766 8
2658 886 313 2
2659 147 953 7
2660 439 850 1
2661 845 194 4
2662 668 72 3
2663 544 149 2
2664 526 925 6
2665 179 944 1
2666 49 807 4
2667 973 350 6
2668 448 356 3
2669 187 505 8
2670 582 7 4
2671 323 522 5
2672 134 311 2
2673 597 378 2
2674 934 166 4
2675 411 578 5
2676 320 88 5
2677 663 863 3
2678 417 863 7
2679 312 212 2
2680 160 228 2
2681 869 695 5
2682 390 82 5
2683 823 109 6
2684 229 394 7
2685 114 407 1
2686 731 268 6
2687 618 200 4
2688 739 607 1
2689 65 474 2
2690 656 534 7
2691 512 958 1
2692 754 787 8
2693 66 633 7
2694 166 363 8
2695 381 121 3
2696 91 938 6
2697 135 438 2
2698 281 293 2
2699 622 108 1
2700 14 420 6
2701 986 381 2
2702 40 335 1
2703 603 472 2
2704 379 964 8
2705 412 899 2
2706 53 210 8
2707 227 229 1
2708 416 400 6
2709 922 389 6
2710 96 370 7
2711 59 151 6
2712 235 827 4
2713 395 749 4
2714 903 885 2
2715 922 922 6
2716 191 135 2
2717 198 502 1
2718 884 889 2
2719 863 917 8
2720 336 360 5
2721 685 279 3
2722 649 398 8
2723 201 686 8
2724 702 936 3
2725 74 584 6
2726 752 269 8
2727 765 599 6
2728 984 525 8
2729 34 394 2
2730 552 285 3
2731 413 851 6
2732 77 74 2
2733 781 151 6
2734 848 297 3
2735 739 258 4
2736 545 475 3
2737 449 160 6
2738 152 721 3
2739 566 706 5
2740 771 88 3
2741 295 652 1
2742 100 987 2
2743 8 649 2
2744 669 846 5
2745 79 990 3
2746 673 390 4
2747 368 272 8
2748 755 30 5
2749 247 632 8
2750 513 696 6
2751 295 879 1
2752 233 138 1
2753 421 16 6
2754 884 6 7
2755 620 640 2
2756 191 129 5
2757 370 145 4
2758 644 553 4
2759 230 131 2
2760 710 121 8
2761 555 163 6
2762 219 13 8
2763 664 298 2
2764 255 187 4
2765 861 231 6
2766 362 634 4
2767 556 449 4
2768 395 326 7
2769 120 205 3
2770 128 644 7
2771 901 789 8
2772 858 353 3
2773 562 389 3
2774 558 962 4
2775 293 942 7
2776 889 295 8
2777 449 840 7
2778 688 562 1
2779 793 915 2
2780 203 528 4
2781 562 354 5
2782 705 301 6
2783 820 186 4
2784 819 321 7
2785 772 799 4
2786 237 986 7
2787 243 420 2
2788 399 876 2
2789 879 344 4
2790 996 332 6
2791 82 46 4
2792 235 783 4
2793 121 326 8
2794 247 215 5
2795 728 387 3
2796 344 7 4
2797 734 762 8
2798 216 485 6
2799 24 934 6
2800 436 430 4
2801 584 765 3
2802 70 818 6
2803 147 877 2
2804 172 292 5
2805 834 373 1
2806 554 873 5
2807 3 911 4
2808 643 679 6
2809 175 202 2
2810 569 978 5
2811 754 243 2
2812 493 332 1
2813 198 103 1
2814 664 481 2
2815 776 877 8
2816 875 184 7
2817 23 901 4
2818 774 13 7
2819 429 165 2
2820 985 324 8
2821 361 744 1
2822 440 370 3
2823 489 921 5
2824 392 798 6
2825 263 377 4
2826 272 885 4
2827 244 566 6
2828 352 524 4
2829 773 784 7
2830 199 302 5
2831 573 797 5
2832 673 254 2
2833 725 921 2
2834 192 869 6
2835 771 399 2
2836 97 52 3
2837 801 863 3
2838 847 72 3
2839 347 110 5
2840 251 81 7
2841 973 606 4
2842 403 753 4
2843 142 669 7
2844 694 761 2
2845 597 835 7
2846 797 952 7
2847 84 421 6
2848 60 114 3
2849 86 439 1
2850 742 626 6
2851 548 910 4
2852 900 424 2
2853 169 425 7
2854 909 277 7
2855 294 416 6
2856 751 639 6
2857 767 419 7
2858 189 550 1
2859 66 444 1
2860 471 989 1
2861 678 533 2
2862 401 402 8
2863 150 277 7
2864 652 851 2
2865 383 447 7
2866 259 537 1
2867 742 971 4
2868 233 522 1
2869 374 140 6
2870 212 985 1
2871 182 784 5
2872 468 572 8
2873 965 177 1
2874 292 786 3
2875 209 487 3
2876 549 396 3
2877 261 300 2
2878 998 3 4
2879 402 28 8
2880 962 838 3
2881 955 622 4
2882 125 450 1
2883 516 549 8
2884 982 478 5
2885 897 889 2
2886 592 130 8
2887 42 361 5
2888 774 985 5
2889 940 94 7
2890 26 954 8
2891 125 383 6
2892 900 137 1
2893 185 39 6
2894 938 493 8
2895 75 127 6
2896 829 499 8
2897 861 204 5
2898 691 385 1
2899 605 31 7
2900 168 936 5
2901 899 804 7
2902 449 920 2
2903 883 793 3
2904 889 102 6
2905 952 602 5
2906 302 413 5
2907 840 104 7
2908 276 248 2
2909 797 905 7
2910 925 955 5
2911 484 737 7
2912 678 126 6
2913 856 414 8
2914 285 95 4
2915 909 963 5
2916 710 829 6
2917 155 253 7
2918 414 101 8
2919 637 676 1
2920 489 403 8
2921 671 20 2
2922 532 885 2
2923 724 482 3
2924 718 420 2
2925 832 768 3
2926 190 935 5
2927 532 940 6
2928 932 650 1
2929 228 196 7
2930 794 411 4
2931 49 783 6
2932 864 231 1
2933 918 393 1
2934 613 457 1
2935 546 225 4
2936 127 733 3
2937 710 174 8
2938 546 516 8
2939 712 396 2
2940 594 182 1
2941 28 766 3
2942 317 539 8
2943 142 649 2
2944 776 524 6
2945 996 173 2
2946 155 419 4
2947 143 133 5
2948 933 589 3
2949 164 455 5
2950 324 956 4
2951 962 489 6
2952 692 384 2
2953 411 395 8
2954 317 102 1
2955 108 832 3
2956 334 507 7
2957 314 390 6
2958 237 716 6
2959 503 607 6
2960 480 462 8
2961 629 442 5
2962 920 837 1
2963 985 879 5
2964 511 649 2
2965 226 135 2
2966 119 572 7
2967 33 319 3
2968 446 647 3
2969 968 994 3
2970 447 446 2
2971 571 4 6
2972 484 476 6
2973 514 873 5
2974 777 861 3
2975 782 25 8
2976 706 787 5
2977 839 665 4
2978 527 403 7
2979 542 865 8
2980 977 894 3
2981 461 152 6
2982 58 206 5
2983 444 467 7
2984 637 532 4
2985 418 594 4
2986 722 371 8
2987 759 869 4
2988 424 476 7
2989 339 423 4
2990 792 679 5
2991 798 72 5
2992 316 62 7
2993 104 98 2
2994 738 367 6
2995 327 552 2
2996 916 148 6
2997 146 978 1
2998 872 973 3
2999 665 594 4
3000 708 587 6
3001 554 515 8
3002 33 335 6
3003 995 549 4
3004 290 279 2
3005 652 697 2
3006 371 854 1
3007 406 155 3
3008 62 748 8
3009 879 192 4
3010 672 557 5
3011 630 683 7
3012 17 561 4
3013 576 522 7
3014 550 44 4
3015 727 739 3
3016 188 165 4
3017 984 750 1
3018 823 751 2
3019 169 849 1
3020 195 333 8
3021 379 787 5
3022 444 672 8
3023 679 953 1
3024 16 721 3
3025 524 396 8
3026 148 203 2
3027 575 404 5
3028 521 983 1
3029 398 434 7
3030 99 756 7
3031 403 34 8
3032 379 12 7
3033 92 132 6
3034 8 659 2
3035 253 787 8
3036 239 266 8
3037 376 550 2
3038 774 197 7
3039 483 764 8
3040 474 349 5
3041 685 982 8
3042 156 751 5
3043 138 748 6
3044 895 890 2
3045 806 875 3
3046 902 65 1
3047 142 239 2
3048 621 648 3
3049 39 629 3
3050 406 77 7
3051 418 266 4
3052 218 686 5
3053 439 256 7
3054 764 296 6
3055 218 409 6
3056 287 193 4
3057 786 375 1
3058 557 342 2
3059 730 666 4
3060 777 617 2
3061 749 642 5
3062 345 179 5
3063 715 184 8
3064 5 934 6
3065 861 170 3
3066 275 944 2
3067 478 938 5
3068 156 659 8
3069 157 904 2
3070 216 296 4
3071 844 1 2
3072 609 739 4
3073 313 307 7
3074 241 243 8
3075 238 235 5
3076 998 524 4
3077 215 354 5
3078 983 834 7
3079 975 834 8
3080 154 10 7
3081 834 320 6
3082 517 306 5
3083 818 474 5
3084 560 757 7
3085 226 236 5
3086 876 615 6
3087 719 783 2
3088 350 706 4
3089 171 639 3
3090 177 371 2
3091 342 556 8
3092 240 302 3
3093 271 518 1
3094 396 21 3
3095 279 39 3
3096 824 156 4
3097 188 279 7
3098 802 726 1
3099 99 706 6
3100 9 245 5
3101 215 166 6
3102 878 964 8
3103 76 975 1
3104 243 630 7
3105 90 994 4
3106 185 63 8
3107 252 711 8
3108 408 739 4
3109 628 802 8
3110 100 796 4
3111 238 91 1
3112 263 832 4
3113 466 788 4
3114 264 832 1
3115 568 358 4
3116 631 877 6
3117 552 845 7
3118 13 791 4
3119 577 605 5
3120 822 530 5
3121 141 703 7
3122 890 196 8
3123 376 205 3
3124 546 680 1
3125 390 232 6
3126 457 657 5
3127 432 522 2
3128 72 514 6
3129 944 355 1
3130 814 454 6
3131 798 947 1
3132 625 80 6
3133 561 69 4
3134 866 777 7
3135 692 301 7
3136 612 1 7
3137 724 926 7
3138 799 566 4
3139 532 78 3
3140 225 716 1
3141 150 939 1
3142 498 593 5
3143 610 105 7
3144 77 312 3
3145 93 713 2
3146 457 928 6
3147 975 250 6
3148 450 480 1
3149 559 183 2
3150 647 878 6
3151 190 102 8
3152 42 100 1
3153 902 927 5
3154 909 648 8
3155 100 48 2
3156 539 212 1
3157 371 352 7
3158 834 44 2
3159 6 945 7
3160 918 600 5
3161 34 891 4
3162 767 607 6
3163 880 677 4
3164 554 45 5
3165 85 156 6
3166 53 348 8
3167 198 995 4
3168 439 283 5
3169 240 293 6
3170 636 71 6
3171 687 425 5
3172 93 187 1
3173 661 310 8
3174 557 848 6
3175 897 184 3
3176 161 40 2
3177 385 850 5
3178 483 246 5
3179 398 799 2
3180 127 892 4
3181 866 921 5
3182 483 451 6
3183 399 873 5
3184 660 385 4
3185 655 695 1
3186 754 451 1
3187 666 377 3
3188 421 151 1
3189 26 103 7
3190 752 844 5
3191 102 5 5
3192 370 288 2
3193 371 737 8
3194 666 762 4
3195 407 203 3
3196 847 391 8
3197 987 312 5
3198 85 738 7
3199 5 960 3
3200 269 958 6
3201 947 775 2
3202 651 733 1
3203 652 749 4
3204 502 734 7
3205 469 474 7
3206 490 274 6
3207 150 529 8
3208 889 709 4
3209 407 517 1
3210 568 284 1
3211 566 227 6
3212 9 17 4
3213 287 659 8
3214 560 86 7
3215 132 744 5
3216 953 266 1
3217 155 927 4
3218 96 47 1
3219 514 258 4
3220 700 187 1
3221 814 700 8
3222 565 428 5
3223 150 975 2
3224 340 158 8
3225 6 558 8
3226 563 150 4
3227 639 311 2
3228 15 836 4
3229 679 460 1
3230 552 767 3
3231 995 881 5
3232 958 869 3
3233 737 893 6
3234 264 955 4
3235 761 445 7
3236 36 414 5
3237 306 57 7
3238 77 197 6
3239 698 636 1
3240 412 86 4
3241 101 597 4
3242 607 843 1
3243 851 553 5
3244 765 907 1
3245 233 585 1
3246 576 744 1
3247 872 20 3
3248 237 866 4
3249 749 605 6
3250 145 346 4
3251 443 202 8
3252 272 619 7
3253 616 596 3
3254 857 537 7
3255 683 314 6
3256 706 742 4
3257 795 58 4
3258 472 47 8
3259 248 370 4
3260 153 922 4
3261 522 194 3
3262 373 793 1
3263 36 161 4
3264 104 279 1
3265 108 274 6
3266 621 51 5
3267 148 848 6
3268 352 14 7
3269 989 415 5
3270 370 748 4
3271 253 428 7
3272 266 245 1
3273 154 848 1
3274 435 830 1
3275 214 289 5
3276 448 650 6
3277 940 486 6
3278 425 524 8
3279 368 940 3
3280 639 218 1
3281 139 71 6
3282 391 194 3
3283 724 445 3
3284 194 569 4
3285 38 714 4
3286 315 722 4
3287 747 791 5
3288 663 198 7
3289 305 51 5
3290 392 165 2
3291 491 216 2
3292 247 33 1
3293 882 282 3
3294 848 214 7
3295 191 137 8
3296 808 436 8
3297 127 96 1
3298 469 113 1
3299 244 126 4
3300 482 747 6
3301 190 162 2
3302 567 731 5
3303 597 588 4
3304 160 769 1
3305 911 853 2
3306 673 107 2
3307 461 560 7
3308 646 169 3
3309 64 585 3
3310 883 227 6
3311 241 232 1
3312 457 385 1
3313 961 415 6
3314 781 17 1
3315 349 293 2
3316 68 41 5
3317 813 966 1
3318 334 20 3
3319 438 915 1
3320 255 841 8
3321 378 255 5
3322 414 578 7
3323 561 856 5
3324 715 648 3
3325 95 88 8
3326 427 501 5
3327 688 741 6
3328 905 624 8
3329 421 931 4
3330 362 709 7
3331 779 219 7
3332 353 85 4
3333 65 406 5
3334 237 509 4
3335 666 43 1
3336 995 108 1
3337 802 418 2
3338 539 265 5
3339 383 747 3
3340 807 362 6
3341 107 756 5
3342 448 696 4
3343 138 144 6
3344 85 874 3
3345 96 49 5
3346 489 73 3
3347 164 42 7
3348 87 325 7
3349 288 201 8
3350 53 445 3
3351 992 386 5
3352 197 288 2
3353 873 7 2
3354 545 180 5
3355 621 400 1
3356 696 696 4
3357 570 191 4
3358 222 619 6
3359 990 745 8
3360 892 320 1
3361 882 628 7
3362 484 558 5
3363 312 831 8
3364 934 901 6
3365 4 948 3
3366 80 732 5
3367 659 322 2
3368 490 581 2
3369 540 787 2
3370 276 999 4
3371 653 99 2
3372 246 307 2
3373 618 27 5
3374 871 869 2
3375 70 437 4
3376 404 118 5
3377 797 529 6
3378 337 963 1
3379 51 766 7
3380 115 245 8
3381 743 626 8
3382 875 339 8
3383 14 806 6
3384 0 748 5
3385 122 379 2
3386 972 748 4
3387 998 745 4
3388 873 566 1
3389 902 750 7
3390 203 177 5
3391 284 520 1
3392 58 16 2
3393 373 8 5
3394 632 637 3
3395 31 703 1
3396 59 528 8
3397 843 878 8
3398 917 840 4
3399 276 962 4
3400 91 854 7
3401 189 592 8
3402 251 575 1
3403 17 704 7
3404 407 936 3
3405 319 414 2
3406 942 106 8
3407 440 850 8
3408 468 824 1
3409 561 254 2
3410 315 316 6
3411 455 235 7
3412 165 40 3
3413 156 766 4
3414 964 915 8
3415 395 657 6
3416 829 890 2
3417 490 822 4
3418 403 833 2
3419 855 633 7
3420 903 292 1
3421 985 283 5
3422 745 741 2
3423 540 195 5
3424 132 544 7
3425 340 485 6
3426 791 337 7
3427 534 176 6
3428 20 292 3
3429 869 335 7
3430 876 509 6
3431 210 16 3
3432 534 788 6
3433 742 773 1
3434 58 19 8
3435 724 777 8
3436 32 741 1
3437 160 963 4
3438 264 787 7
3439 757 430 2
3440 752 898 1
3441 413 985 3
3442 774 25 6
3443 487 166 7
3444 668 370 7
3445 98 820 3
3446 89 195 5
3447 101 621 5
3448 856 359 1
3449 438 682 6
3450 180 89 1
3451 255 834 6
3452 193 920 8
3453 597 977 2
3454 795 935 2
3455 235 289 7
3456 626 868 5
3457 495 250 6
3458 621 702 1
3459 319 454 5
3460 997 685 2
3461 140 716 7
3462 33 707 4
3463 649 857 1
3464 2 546 5
3465 854 619 2
3466 653 357 3
3467 280 418 1
3468 306 934 3
3469 501 780 7
3470 676 628 1
3471 301 608 4
3472 881 586 1
3473 627 553 8
3474 29 196 4
3475 743 437 8
3476 968 193 5
3477 663 868 4
3478 834 87 6
3479 722 766 4
3480 810 876 7
3481 116 224 5
3482 503 441 5
3483 773 809 6
3484 57 861 4
3485 608 361 1
3486 827 32 3
3487 19 244 5
3488 271 673 8
3489 239 654 2
3490 311 65 1
3491 372 781 5
3492 120 79 5
3493 878 76 8
3494 703 616 2
3495 329 912 5
3496 78 919 2
3497 393 306 7
3498 231 467 1
3499 683 350 7
3500 408 179 8
3501 772 420 6
3502 707 985 3
3503 211 374 7
3504 489 188 3
3505 20 20 5
3506 546 663 7
3507 766 663 2
3508 919 823 3
3509 294 97 3
3510 42 976 3
3511 158 747 6
3512 332 441 8
3513 932 624 6
3514 1 756 8
3515 672 432 4
3516 721 547 4
3517 193 133 5
3518 426 879 4
3519 257 149 8
3520 753 305 2
3521 861 299 5
3522 660 917 8
3523 619 419 6
3524 707 578 4
3525 928 574 1
3526 807 399 5
3527 756 664 2
3528 974 382 1
3529 451 789 2
3530 794 321 5
3531 299 146 6
3532 924 177 1
3533 880 725 2
3534 952 159 1
3535 261 900 7
3536 99 688 3
3537 836 221 1
3538 999 93 6
3539 29 584 8
3540 885 722 6
3541 341 505 3
3542 497 104 6
3543 714 803 6
3544 882 696 5
3545 495 328 6
3546 384 23 5
3547 276 602 1
3548 94 266 3
3549 137 602 4
3550 528 121 1
3551 786 899 4
3552 992 469 4
3553 685 203 4
3554 141 625 1
3555 253 66 6
3556 181 284 8
3557 235 162 2
3558 991 389 1
3559 288 84 3
3560 676 99 7
3561 952 468 2
3562 348 970 6
3563 279 492 6
3564 885 325 2
3565 880 134 7
3566 848 817 7
3567 334 94 7
3568 429 142 6
3569 730 245 4
3570 391 166 2
3571 190 748 7
3572 75 259 8
3573 767 60 1
3574 482 466 6
3575 724 285 6
3576 755 122 7
3577 955 354 1
3578 419 248 3
3579 522 800 6
3580 61 936 2
3581 356 99 1
3582 35 114 3
3583 512 233 7
3584 895 762 5
3585 205 139 3
3586 506 296 3
3587 884 796 8
3588 723 402 4
3589 774 219 5
3590 718 403 3
3591 26 67 5
3592 458 898 8
3593 650 875 2
3594 430 108 3
3595 606 948 4
3596 186 142 1
3597 804 984 2
3598 50 815 7
3599 84 881 5
3600 860 991 7
3601 494 660 6
3602 313 668 7
3603 22 392 5
3604 734 515 1
3605 953 991 2
3606 331 948 4
3607 867 703 1
3608 716 403 2
3609 622 306 2
3610 554 157 8
3611 504 392 7
3612 240 361 6
3613 440 653 7
3614 689 398 6
3615 84 463 3
3616 418 136 8
3617 438 642 6
3618 305 808 4
3619 143 503 4
3620 888 731 4
3621 257 748 6
3622 76 433 2
3623 769 679 7
3624 504 27 4
3625 807 10 4
3626 687 50 2
3627 3 856 5
3628 222 537 4
3629 78 881 1
3630 431 978 5
3631 976 428 2
3632 670 507 2
3633 97 583 3
3634 799 628 5
3635 197 93 4
3636 300 164 2
3637 850 283 2
3638 143 508 2
3639 10 967 2
3640 484 761 1
3641 530 382 3
3642 181 422 6
3643 271 96 6
3644 776 455 8
3645 461 632 5
3646 665 905 4
3647 227 818 2
3648 514 722 6
3649 954 675 2
3650 764 555 4
3651 36 78 2
3652 99 281 5
3653 391 496 8
3654 75 702 7
3655 858 430 2
3656 314 306 2
3657 383 11 6
3658 869 211 6
3659 221 350 2
3660 7 425 5
3661 381 961 6
3662 239 154 7
3663 217 599 5
3664 930 274 4
3665 431 844 7
3666 0 224 3
3667 731 141 6
3668 929 621 2
3669 46 427 1
3670 619 465 6
3671 20 450 3
3672 482 907 1
3673 703 971 4
3674 149 209 3
3675 827 260 2
3676 677 219 3
3677 31 141 1
3678 517 96 8
3679 231 502 7
3680 872 499 6
3681 431 376 8
3682 913 252 7
3683 888 637 7
3684 77 735 7
3685 507 247 7
3686 699 466 3
3687 942 566 8
3688 726 153 4
3689 149 366 6
3690 365 216 5
3691 231 409 5
3692 825 164 4
3693 276 810 5
3694 480 267 2
3695 950 837 4
3696 49 256 5
3697 717 399 5
3698 151 550 6
3699 84 417 5
3700 878 789 7
3701 579 749 2
3702 233 37 6
3703 961 730 4
3704 535 572 4
3705 103 257 1
3706 979 801 5
3707 18 349 3
3708 763 171 6
3709 785 809 4
3710 545 571 7
3711 68 774 3
3712 408 5 7
3713 262 126 2
3714 546 445 2
3715 110 979 4
3716 782 190 6
3717 342 1 4
3718 815 350 1
3719 936 200 1
3720 74 82 6
3721 846 348 7
3722 233 999 7
3723 340 70 2
3724 818 181 7
3725 557 321 1
3726 911 140 4
3727 345 448 6
3728 864 527 1
3729 520 580 3
3730 510 111 7
3731 277 760 2
3732 547 867 2
3733 501 716 2
3734 678 916 2
3735 360 595 3
3736 163 618 3
3737 264 49 8
3738 897 147 8
3739 753 202 4
3740 159 26 3
3741 788 618 7
3742 441 519 2
3743 990 111 5
3744 758 332 1
3745 650 802 2
3746 219 196 1
3747 860 782 5
3748 866 440 3
3749 46 515 8
3750 756 328 3
3751 284 671 3
3752 864 537 6
3753 639 653 1
3754 864 943 5
3755 77 207 5
3756 425 796 4
3757 65 90 5
3758 972 889 4
3759 911 4 6
3760 861 229 2
3761 761 828 1
3762 332 610 3
3763 228 468 4
3764 422 747 3
3765 607 439 8
3766 811 762 6
3767 120 813 6
3768 985 66 2
3769 988 490 4
3770 339 546 4
3771 918 837 6
3772 271 892 8
3773 164 822 5
3774 614 155 2
3775 534 431 2
3776 453 462 5
3777 147 948 4
3778 704 827 3
3779 912 28 3
3780 813 821 7
3781 549 433 8
3782 34 492 8
3783 154 116 7
3784 914 539 8
3785 553 120 7
3786 176 796 2
3787 81 614 4
3788 923 338 5
3789 201 410 1
3790 318 536 2
3791 603 115 5
3792 316 125 3
3793 848 204 6
3794 408 901 3
3795 418 548 5
3796 100 810 7
3797 704 934 7
3798 392 148 1
3799 444 271 5
3800 277 775 3
3801 179 301 6
3802 60 147 7
3803 834 317 6
3804 963 763 8
3805 748 718 2
3806 594 237 4
3807 744 525 8
3808 247 43 5
3809 106 151 6
3810 131 691 4
3811 253 720 6
3812 527 244 1
3813 369 72 6
3814 606 747 5
3815 669 762 3
3816 81 729 2
3817 949 869 1
3818 396 732 3
3819 791 852 8
3820 783 207 3
3821 523 579 6
3822 257 624 3
3823 717 526 2
3824 582 165 4
3825 20 48 5
3826 363 529 8
3827 626 995 2
3828 461 266 3
3829 389 611 2
3830 491 421 6
3831 272 455 4
3832 697 977 1
3833 976 280 3
3834 621 619 4
3835 213 554 6
3836 685 349 3
3837 265 988 7
3838 540 445 5
3839 294 353 8
3840 966 684 2
3841 669 835 6
3842 874 739 2
3843 604 465 1
3844 194 927 1
3845 530 469 7
3846 38 588 6
3847 103 460 3
3848 805 857 8
3849 565 180 1
3850 902 962 3
3851 764 914 4
3852 474 316 5
3853 541 283 3
3854 982 526 3
3855 481 665 4
3856 639 453 2
3857 74 126 3
3858 145 990 1
3859 752 921 5
3860 594 670 1
3861 330 601 1
3862 85 30 7
3863 476 671 8
3864 404 466 2
3865 498 712 2
3866 254 959 5
3867 266 717 6
3868 934 256 2
3869 584 944 6
3870 692 919 8
3871 619 381 8
3872 836 43 5
3873 521 749 5
3874 551 580 4
3875 609 703 8
3876 835 704 5
3877 117 179 3
3878 675 681 8
3879 386 864 2
3880 801 621 6
3881 570 137 6
3882 220 699 7
3883 731 674 4
3884 929 844 1
3885 640 414 6
3886 14 535 7
3887 526 318 5
3888 532 486 8
3889 23 42 6
3890 276 838 6
3891 775 5 2
3892 325 4 3
3893 849 604 2
3894 577 465 8
3895 195 503 4
3896 167 859 8
3897 989 535 6
3898 520 942 1
3899 167 690 7
3900 361 468 8
3901 880 955 3
3902 111 73 5
3903 369 758 2
3904 458 511 2
3905 560 122 6
3906 587 49 5
3907 404 92 2
3908 611 407 4
3909 979 843 5
3910 28 318 5
3911 280 493 5
3912 278 892 4
3913 823 488 7
3914 797 251 8
3915 839 317 8
3916 306 668 2
3917 387 794 8
3918 244 835 4
3919 706 191 6
3920 504 444 3
3921 268 650 7
3922 530 706 5
3923 356 284 5
3924 496 985 2
3925 384 519 5
3926 628 894 5
3927 41 44 4
3928 18 107 1
3929 783 127 1
3930 681 948 8
3931 510 10 8
3932 537 145 5
3933 243 684 5
3934 116 33 4
3935 374 533 6
3936 355 630 3
3937 666 938 1
3938 211 866 7
3939 632 680 5
3940 757 553 3
3941 922 720 1
3942 738 850 2
3943 486 323 4
3944 848 263 2
3945 449 408 2
3946 478 389 8
3947 654 900 7
3948 607 286 4
3949 428 135 2
3950 646 496 6
3951 531 594 8
3952 985 63 5
3953 478 73 7
3954 198 38 6
3955 989 34 5
3956 481 475 8
3957 534 381 5
3958 771 957 2
3959 728 94 4
3960 73 276 2
3961 634 831 2
3962 699 61 6
3963 90 121 1
3964 597 208 2
3965 837 271 5
3966 32 593 5
3967 245 820 1
3968 547 118 5
3969 51 523 7
3970 95 601 5
3971 920 437 4
3972 957 831 7
3973 689 839 2
3974 431 888 2
3975 169 149 1
3976 397 663 5
3977 512 70 8
3978 443 537 2
3979 461 992 3
3980 57 613 1
3981 37 82 1
3982 458 889 1
3983 279 272 3
3984 395 341 2
3985 266 729 7
3986 401 49 3
3987 336 550 1
3988 529 361 3
3989 335 184 1
3990 770 801 8
3991 523 852 1
3992 533 47 8
3993 297 462 6
3994 620 736 4
3995 747 460 1
3996 60 544 5
3997 404 279 8
3998 270 943 4
3999 571 885 8
4000 161 810 3
4001 393 943 3
4002 325 99 3
4003 984 341 6
4004 900 502 1
4005 410 585 4
4006 788 694 6
4007 937 95 1
4008 781 228 2
4009 944 661 8
4010 319 569 5
4011 259 470 5
4012 598 110 6
4013 772 610 8
4014 219 993 8
4015 41 933 2
4016 501 257 6
4017 40 718 3
4018 698 397 3
4019 820 893 3
4020 778 29 3
4021 411 192 7
4022 394 754 3
4023 125 541 3
4024 514 191 6
4025 893 129 5
4026 211 418 4
4027 5 247 5
4028 572 164 8
4029 102 66 1
4030 246 380 7
4031 411 353 4
4032 462 320 8
4033 889 879 1
4034 498 30 1
4035 314 220 8
4036 545 567 6
4037 529 570 3
4038 457 142 1
4039 162 96 3
4040 89 998 1
4041 385 139 7
4042 216 273 1
4043 425 559 1
4044 248 215 2
4045 591 16 6
4046 964 620 1
4047 264 787 5
4048 589 290 4
4049 335 62 4
4050 483 485 4
4051 602 358 7
4052 844 291 5
4053 508 459 7
4054 835 818 2
4055 320 741 5
4056 408 116 7
4057 166 673 4
4058 302 53 1
4059 180 301 7
4060 732 883 8
4061 299 220 4
4062 676 310 3
4063 306 784 7
4064 296 994 8
4065 124 470 3
4066 8 682 6
4067 413 81 4
4068 901 757 1
4069 807 184 3
4070 569 195 2
4071 197 207 6
4072 204 681 7
4073 432 795 3
4074 635 934 7
4075 881 480 2
4076 663 649 8
4077 86 606 4
4078 220 800 4
4079 763 927 5
4080 504 509 2
4081 395 394 1
4082 519 507 5
4083 741 16 8
4084 17 993 6
4085 198 895 4
4086 625 228 6
4087 724 616 2
4088 352 241 4
4089 921 811 7
4090 583 928 6
4091 1 448 4
4092 413 878 1
4093 164 969 7
4094 983 483 8
4095 308 47 6
4096 654 517 8
4097 11 224 1
4098 745 346 8
4099 627 547 5
4100 705 751 5
4101 236 390 7
4102 590 564 4
4103 112 543 4
4104 731 462 3
4105 112 199 5
4106 188 638 1
4107 721 407 3
4108 204 447 5
4109 671 435 2
4110 800 11 6
4111 887 520 4
4112 6 74 5
4113 227 7 2
4114 636 992 8
4115 787 681 4
4116 317 766 5
4117 81 583 4
4118 235 850 3
4119 503 646 8
4120 574 931 5
4121 3 911 3
4122 240 520 7
4123 27 55 1
4124 138 283 2
4125 75 896 4
4126 948 602 2
4127 954 648 1
4128 731 847 4
4129 649 147 5
4130 454 800 3
4131 962 82 2
4132 735 672 2
4133 664 773 5
4134 294 768 5
4135 596 785 3
4136 549 328 1
4137 386 117 5
4138 364 521 1
4139 378 176 1
4140 523 79 5
4141 759 647 5
4142 49 832 6
4143 959 374 3
4144 729 514 6
4145 433 984 2
4146 410 507 7
4147 892 816 1
4148 694 921 5
4149 610 360 7
4150 662 262 5
4151 365 203 8
4152 357 726 1
4153 991 366 2
4154 91 937 5
4155 632 928 5
4156 10 33 3
4157 768 251 4
4158 626 219 5
4159 614 468 8
4160 442 467 6
4161 284 649 6
4162 560 819 5
4163 966 342 2
4164 327 382 6
4165 656 103 8
4166 325 953 1
4167 775 887 5
4168 920 310 8
4169 308 364 2
4170 529 532 8
4171 586 738 1
4172 121 682 7
4173 674 899 8
4174 434 374 5
4175 353 709 7
4176 882 447 3
4177 491 566 3
4178 762 188 1
4179 898 26 7
4180 979 476 3
4181 66 365 5
4182 595 964 6
4183 181 672 1
4184 883 164 5
4185 598 195 1
4186 602 848 6
4187 362 775 3
4188 348 864 5
4189 535 408 4
4190 399 952 6
4191 946 23 2
4192 831 924 4
4193 758 424 4
4194 572 264 7
4195 359 639 1
4196 498 297 3
4197 649 430 2
4198 896 829 6
4199 482 943 5
4200 842 180 2
4201 572 992 5
4202 876 545 1
4203 335 19 8
4204 956 632 2
4205 383 281 2
4206 622 101 8
4207 907 722 8
4208 978 19 6
4209 561 879 4
4210 623 295 3
4211 240 547 2
4212 53 825 5
4213 628 288 5
4214 177 970 1
4215 506 715 7
4216 675 456 6
4217 633 292 7
4218 607 62 8
4219 697 394 7
4220 15 655 2
4221 563 121 3
4222 965 667 6
4223 227 482 4
4224 896 65 2
4225 579 844 8
4226 915 438 7
4227 285 762 7
4228 165 420 5
4229 402 317 8
4230 572 686 2
4231 375 775 6
4232 981 75 6
4233 398 919 3
4234 274 475 5
4235 993 419 1
4236 80 34 8
4237 98 274 1
4238 235 725 1
4239 624 946 3
4240 665 107 7
4241 641 488 3
4242 702 652 3
4243 681 739 6
4244 870 505 1
4245 812 67 6
4246 875 834 3
4247 508 899 2
4248 707 829 8
4249 807 517 6
4250 955 940 8
4251 465 287 3
4252 452 662 3
4253 367 432 6
4254 616 73 3
4255 299 264 2
4256 595 989 6
4257 932 514 5
4258 799 716 4
4259 184 199 7
4260 472 511 2
4261 599 681 4
4262 909 75 8
4263 593 749 2
4264 853 873 3
4265 229 731 1
4266 169 353 6
4267 392 750 5
4268 271 862 7
4269 379 428 6
4270 601 456 4
4271 611 426 2
4272 115 615 3
4273 711 866 2
4274 371 330 6
4275 828 907 1
4276 600 581 1
4277 705 534 6
4278 217 198 4
4279 908 389 7
4280 341 350 6
4281 962 110 3
4282 221 415 1
4283 885 315 2
4284 635 870 8
4285 732 758 7
4286 101 584 2
4287 306 817 4
4288 840 677 7
4289 363 927 8
4290 769 815 2
4291 789 96 1
4292 964 328 2
4293 987 977 5
4294 472 615 1
4295 471 271 1
4296 0 455 8
4297 678 41 1
4298 479 341 2
4299 195 694 4
4300 661 455 2
4301 836 881 5
4302 348 702 2
4303 588 517 1
4304 200 57 6
4305 538 124 1
4306 490 81 4
4307 547 921 5
4308 666 680 4
4309 375 247 8
4310 914 935 2
4311 435 949 4
4312 646 743 3
4313 958 451 1
4314 69 348 2
4315 166 116 6
4316 929 361 2
4317 433 256 5
4318 55 871 5
4319 887 973 7
4320 376 521 1
4321 465 620 1
4322 343 972 6
4323 195 406 4
4324 979 754 8
4325 755 35 7
4326 155 830 1
4327 567 674 3
4328 40 890 2
4329 299 475 8
4330 570 465 7
4331 713 171 2
4332 491 534 2
4333 446 703 4
4334 35 698 1
4335 88 316 4
4336 921 16 6
4337 353 710 2
4338 564 278 4
4339 824 531 5
4340 371 306 5
4341 929 16 2
4342 271 844 5
4343 317 786 2
4344 839 267 2
4345 417 375 2
4346 549 854 4
4347 46 519 5
4348 694 924 3
4349 689 820 3
4350 234 97 6
4351 72 701 5
4352 26 457 2
4353 557 331 3
4354 690 715 6
4355 692 255 2
4356 808 955 4
4357 828 435 1
4358 23 245 2
4359 165 922 1
4360 874 172 8
4361 111 265 5
4362 863 202 4
4363 503 879 8
4364 710 186 2
4365 553 290 1
4366 935 620 1
4367 592 854 4
4368 957 192 7
4369 234 0 8
4370 982 356 1
4371 838 519 2
4372 553 466 6
4373 466 976 2
4374 34 951 1
4375 812 306 2
4376 94 2 7
4377 835 554 3
4378 989 362 3
4379 977 573 3
4380 856 295 4
4381 97 315 4
4382 793 847 3
4383 724 399 8
4384 312 654 6
4385 759 54 8
4386 641 808 1
4387 122 932 2
4388 874 149 5
4389 323 41 2
4390 254 2 6
4391 855 530 4
4392 393 994 7
4393 498 895 6
4394 287 450 1
4395 323 340 4
4396 257 33 7
4397 585 451 7
4398 980 718 8
4399 558 861 1
4400 30 666 2
4401 629 42 7
4402 906 679 6
4403 522 153 5
4404 103 638 2
4405 15 488 3
4406 963 505 5
4407 38 573 5
4408 981 655 5
4409 164 365 7
4410 545 555 7
4411 354 870 8
4412 41 301 6
4413 475 914 2
4414 782 992 6
4415 374 584 1
4416 523 864 1
4417 974 771 6
4418 177 545 1
4419 399 463 3
4420 812 913 5
4421 705 675 2
4422 791 961 1
4423 130 488 8
4424 906 255 5
4425 576 475 7
4426 963 945 5
4427 381 373 3
4428 802 756 7
4429 990 251 1
4430 545 50 5
4431 962 800 8
4432 112 49 5
4433 745 128 6
4434 604 573 1
4435 852 901 1
4436 466 104 5
4437 25 740 4
4438 641 842 4
4439 1 985 8
4440 967 30 4
4441 302 884 4
4442 846 551 4
4443 0 786 3
4444 364 97 5
4445 457 136 8
4446 611 558 7
4447 578 813 7
4448 539 68 2
4449 217 708 6
4450 32 591 7
4451 180 571 6
4452 415 654 8
4453 234 64 3
4454 948 60 3
4455 88 417 4
4456 526 526 2
4457 100 517 8
4458 318 197 2
4459 114 3 2
4460 970 301 2
4461 254 902 3
4462 347 560 7
4463 637 449 1
4464 825 112 3
4465 524 970 6
4466 635 49 4
4467 813 210 6
4468 441 281 3
4469 932 583 5
4470 872 800 7
4471 702 987 1
4472 690 185 3
4473 720 345 7
4474 749 762 8
4475 513 822 6
4476 672 975 2
4477 790 935 7
4478 928 169 3
4479 57 444 7
4480 401 744 1
4481 403 58 2
4482 557 727 8
4483 349 312 3
4484 252 879 3
4485 791 594 5
4486 432 332 8
4487 146 734 7
4488 49 116 8
4489 444 709 4
4490 774 456 5
4491 728 758 8
4492 113 451 4
4493 137 13 8
4494 679 108 8
4495 848 141 3
4496 643 669 8
4497 553 154 4
4498 781 474 1
4499 166 628 4
4500 385 992 1
4501 481 927 4
4502 786 591 4
4503 128 650 8
4504 265 15 2
4505 187 775 7
4506 915 771 6
4507 346 552 3
4508 318 164 2
4509 394 705 8
4510 475 892 5
4511 337 474 4
4512 682 143 8
4513 560 951 7
4514 784 582 8
4515 124 21 8
4516 197 991 6
4517 60 250 2
4518 58 471 4
4519 324 654 1
4520 746 667 5
4521 792 574 6
4522 88 471 5
4523 615 193 8
4524 543 190 7
4525 284 279 7
4526 455 273 3
4527 134 822 1
4528 942 26 6
4529 679 798 8
4530 381 358 5
4531 145 437 1
4532 854 781 4
4533 367 322 3
4534 954 716 7
4535 990 152 7
4536 856 486 5
4537 160 471 4
4538 209 579 6
4539 146 983 1
4540 415 188 2
4541 786 288 5
4542 6 559 6
4543 244 931 6
4544 10 312 8
4545 392 736 5
4546 280 479 7
4547 959 547 4
4548 929 559 2
4549 362 295 4
4550 840 946 3
4551 459 867 2
4552 760 764 5
4553 875 849 6
4554 127 311 6
4555 913 158 7
4556 591 176 8
4557 63 471 3
4558 707 671 7
4559 271 263 2
4560 43 31 2
4561 638 107 4
4562 826 881 8
4563 325 456 1
4564 157 890 1
4565 671 42 8
4566 888 771 4
4567 742 729 3
4568 759 777 8
4569 856 635 8
4570 856 95 6
4571 247 965 1
4572 505 290 1
4573 372 186 3
4574 339 661 3
4575 68 619 3
4576 618 287 7
4577 802 595 5
4578 422 238 1
4579 430 602 7
4580 223 438 2
4581 314 669 6
4582 472 85 8
4583 23 717 5
4584 290 990 7
4585 374 807 8
4586 471 119 4
4587 26 603 8
4588 776 214 5
4589 939 603 4
4590 38 422 1
4591 146 835 1
4592 274 820 5
4593 424 110 4
4594 847 704 6
4595 677 533 3
4596 364 0 3
4597 192 62 2
4598 523 8 8
4599 450 344 7
4600 881 500 4
4601 594 271 5
4602 725 399 8
4603 531 741 8
4604 511 518 3
4605 160 859 3
4606 324 952 2
4607 101 756 2
4608 490 799 4
4609 726 238 3
4610 696 184 8
4611 126 612 1
4612 47 514 8
4613 158 265 6
4614 922 575 5
4615 549 775 3
4616 355 685 6
4617 844 725 8
4618 867 541 1
4619 155 53 4
4620 470 866 2
4621 570 504 7
4622 100 85 8
4623 573 808 3
4624 66 154 4
4625 220 6 1
4626 51 199 4
4627 298 860 5
4628 317 743 3
4629 543 168 1
4630 951 517 7
4631 172 611 1
4632 350 993 6
4633 819 312 6
4634 538 702 8
4635 236 835 3
4636 259 195 2
4637 793 117 4
4638 881 279 3
4639 441 657 5
4640 197 378 3
4641 746 507 6
4642 156 986 4
4643 550 872 1
4644 551 130 6
4645 429 731 4
4646 744 678 7
4647 22 481 1
4648 569 307 7
4649 381 414 4
4650 622 354 7
4651 876 239 2
4652 772 56 7
4653 284 333 3
4654 512 830 2
4655 821 744 3
4656 736 590 5
4657 730 544 3
4658 631 253 7
4659 177 509 6
4660 197 142 8
4661 475 516 2
4662 952 154 8
4663 207 188 8
4664 701 73 3
4665 93 332 1
4666 10 462 1
4667 406 247 5
4668 376 505 4
4669 374 532 5
4670 947 690 2
4671 622 782 8
4672 278 864 7
4673 423 173 4
4674 513 919 4
4675 679 369 4
4676 789 907 3
4677 798 350 1
4678 873 861 1
4679 36 191 1
4680 591 328 4
4681 899 182 7
4682 392 341 6
4683 259 661 5
4684 833 536 5
4685 984 68 8
4686 735 908 2
4687 331 487 2
4688 465 884 3
4689 391 615 5
4690 14 708 4
4691 483 706 1
4692 904 428 3
4693 567 211 4
4694 121 670 6
4695 138 408 1
4696 890 915 2
4697 772 838 5
4698 456 58 8
4699 494 355 8
4700 740 230 1
4701 283 846 6
4702 19 376 3
4703 511 105 6
4704 526 586 6
4705 734 121 6
4706 619 173 1
4707 575 45 4
4708 883 760 4
4709 129 423 4
4710 639 951 3
4711 547 892 8
4712 184 844 8
4713 46 365 8
4714 41 466 8
4715 767 973 5
4716 81 756 1
4717 913 632 6
4718 289 590 7
4719 770 211 7
4720 101 457 6
4721 922 368 2
4722 964 360 8
4723 397 779 2
4724 33 575 6
4725 148 50 5
4726 830 347 1
4727 912 575 2
4728 587 981 1
4729 876 657 8
4730 738 546 4
4731 953 183 8
4732 65 322 3
4733 52 867 7
4734 173 124 4
4735 78 678 8
4736 26 548 4
4737 970 631 3
4738 22 386 4
4739 396 798 2
4740 80 791 7
4741 505 973 8
4742 589 261 8
4743 923 545 3
4744 603 571 5
4745 566 472 6
4746 376 462 3
4747 912 363 6
4748 124 738 6
4749 414 163 3
4750 283 36 6
4751 937 983 8
4752 977 951 4
4753 588 532 2
4754 4 947 7
4755 673 195 2
4756 577 130 3
4757 142 797 5
4758 55 898 6
4759 270 306 7
4760 374 844 5
4761 137 241 6
4762 416 704 6
4763 14 598 2
4764 753 225 2
4765 417 51 6
4766 548 602 6
4767 172 937 2
4768 173 398 4
4769 278 405 4
4770 201 334 7
4771 820 202 7
4772 256 573 2
4773 983 438 4
4774 47 460 4
4775 928 864 6
4776 178 692 8
4777 550 204 8
4778 878 23 1
4779 322 210 5
4780 756 762 2
4781 499 495 5
4782 33 144 7
4783 727 47 5
4784 75 31 3
4785 789 812 4
4786 664 932 7
4787 797 863 2
4788 996 914 6
4789 803 337 2
4790 35 308 4
4791 837 587 1
4792 253 4 8
4793 566 450 6
4794 597 363 8
4795 96 634 3
4796 677 458 2
4797 789 571 8
4798 417 197 4
4799 421 506 1
4800 176 265 3
4801 462 889 1
4802 791 124 3
4803 892 255 5
4804 382 696 8
4805 865 549 5
4806 207 348 8
4807 675 52 6
4808 374 28 4
4809 434 530 2
4810 349 664 6
4811 936 266 2
4812 276 674 2
4813 682 645 7
4814 374 29 8
4815 153 651 1
4816 779 587 8
4817 466 951 8
4818 983 512 5
4819 420 451 6
4820 424 186 8
4821 804 18 2
4822 248 204 5
4823 642 858 3
4824 727 119 5
4825 80 477 7
4826 589 181 5
4827 477 884 3
4828 172 108 6
4829 54 283 5
4830 53 235 5
4831 647 679 6
4832 408 793 3
4833 70 818 5
4834 957 972 1
4835 553 476 7
4836 860 241 3
4837 574 920 5
4838 93 183 7
4839 310 824 4
4840 972 780 2
4841 934 340 5
4842 607 210 8
4843 55 826 4
4844 763 55 7
4845 671 426 5
4846 500 362 4
4847 484 615 5
4848 346 431 6
4849 477 847 2
4850 130 739 6
4851 934 221 3
4852 790 781 4
4853 94 476 5
4854 954 92 6
4855 227 367 2
4856 4 465 7
4857 331 90 7
4858 40 517 1
4859 479 166 8
4860 445 921 4
4861 605 358 4
4862 414 424 4
4863 643 609 5
4864 861 320 8
4865 262 594 4
4866 746 702 6
4867 541 376 2
4868 578 552 1
4869 478 373 7
4870 224 855 3
4871 225 1 6
4872 104 8 5
4873 882 226 2
4874 864 745 1
4875 701 204 6
4876 942 442 7
4877 707 224 5
4878 609 750 6
4879 156 848 4
4880 586 291 7
4881 421 746 2
4882 870 280 5
4883 476 562 2
4884 891 217 2
4885 823 578 7
4886 531 342 3
4887 576 851 7
4888 943 999 6
4889 385 900 7
4890 381 631 6
4891 261 38 5
4892 730 505 2
4893 866 628 8
4894 456 849 3
4895 405 910 5
4896 66 650 7
4897 474 436 7
4898 887 779 8
4899 38 214 2
4900 341 911 6
4901 709 120 5
4902 210 66 8
4903 808 369 8
4904 451 696 7
4905 251 698 6
4906 826 135 6
4907 255 963 8
4908 215 330 2
4909 136 242 1
4910 4 738 6
4911 758 778 2
4912 255 701 4
4913 221 76 7
4914 889 298 8
4915 174 218 3
4916 677 196 6
4917 597 988 6
4918 834 33 7
4919 442 959 8
4920 216 273 1
4921 764 618 2
4922 299 854 1
4923 475 129 4
4924 882 561 1
4925 312 950 3
4926 552 752 7
4927 39 397 2
4928 609 482 7
4929 121 34 2
4930 160 310 7
4931 230 881 6
4932 454 348 7
4933 231 332 4
4934 555 896 5
4935 992 839 4
4936 326 734 1
4937 45 40 3
4938 733 991 8
4939 525 322 2
4940 382 184 3
4941 725 432 1
4942 188 211 3
4943 799 325 2
4944 568 850 5
4945 462 385 8
4946 290 514 2
4947 776 287 8
4948 375 421 7
4949 535 705 4
4950 744 680 6
4951 462 546 3
4952 140 28 6
4953 971 862 1
4954 861 464 3
4955 153 713 3
4956 121 365 6
4957 49 922 5
4958 183 236 3
4959 199 889 1
4960 365 199 8
4961 952 606 1
4962 289 984 3
4963 451 916 6
4964 747 115 8
4965 663 866 8
4966 233 16 8
4967 152 349 7
4968 57 128 1
4969 759 754 1
4970 192 880 6
4971 447 766 4
4972 272 303 8
4973 229 679 5
4974 27 358 1
4975 402 129 8
4976 58 438 6
4977 329 662 6
4978 349 705 7
4979 183 858 5
4980 925 531 8
4981 130 455 1
4982 350 854 7
4983 103 665 3
4984 694 663 2
4985 641 449 3
4986 4 69 8
4987 908 849 3
4988 808 601 2
4989 542 371 1
4990 439 629 2
4991 27 978 3
4992 442 609 5
4993 207 817 7
4994 985 10 3
4995 278 923 5
4996 442 780 8
4997 419 578 5
4998 697 57 6
4999 3 916 6
